,Symbol,Market,Name,Sector,Industry,ListingDate,SettleMonth,Representative,HomePage,Region,Report_Date,Stock_Amount,Quarter_Revenue2022_3,Quarter_Operating_Profit2022_3,Quarter_Cashflow2022_3,Quarter_Earn2022_3,Quarter_Continue_Earn2022_3,Quarter_Percent_Operating_Profit2022_3,Quarter_Percent_Cashflow2022_3,Quarter_Percent_Earn2022_3,Quarter_Revenue2021_12,Quarter_Operating_Profit2021_12,Quarter_Cashflow2021_12,Quarter_Earn2021_12,Quarter_Continue_Earn2021_12,Quarter_Percent_Operating_Profit2021_12,Quarter_Percent_Cashflow2021_12,Quarter_Percent_Earn2021_12,Quarter_Full_EPS,Last_Revenue2021_3,Last_Operating_Profit2021_3,Last_Cashflow2021_3,Last_Earn2021_3,Last_Continue_Earn2021_3,Last_Percent_Operating_Profit2021_3,Last_Percent_Cashflow2021_3,Last_Percent_Earn2021_3,Last_Revenue2020_12,Last_Operating_Profit2020_12,Last_Cashflow2020_12,Last_Earn2020_12,Last_Continue_Earn2020_12,Last_Percent_Operating_Profit2020_12,Last_Percent_Cashflow2020_12,Last_Percent_Earn2020_12,Fake_Last_Full_EPS,Last_Full_Revenue,Last_Full_Operating_Profit,Last_Full_Cashflow,Last_Full_Earn,Real_Last_Full_EPS,Quarter_BPS,Last_Full_BPS,Quarter_ROA,Last_Full_ROA,QUARTER_ROE,LAST_FULL_ROE,Operating_Profit_Change_Now,Operating_Profit_Change_Before,Revenue_Change_Now,Revenue_Change_Before
0,95570,KOSPI,AJ네트웍스,산업용 기계 및 장비 임대업,"렌탈(파렛트, OA장비, 건설장비)",2015-08-21,12월,박대현,http://www.ajnet.co.kr,서울특별시,2022-08-12,46821382.0,295803640038.0,19242745659.0,2986064682.0,10854923388.0,0.0,6.51,1.01,3.67,231171942223.0,15256320579.0,-5686381096.0,441362225.0,0.0,6.6,-2.46,0.19,924.0,240931609871.0,3854976431.0,-4407379720.0,4779675291.0,0.0,1.6,-1.83,1.98,177672260254.0,-2483940918.0,42204489753.0,-781129047.0,0.0,-1.4,23.75,-0.44,408.0,1026749457003.0,45109542821.0,-11318072318.0,76737133075.0,1638.0,7709.0,7742.0,3.17,5.66,11.99,21.17,4.91,8.0,22.77494023983805,30.111443335339423
1,990,KOSPI,DB하이텍,반도체 제조업,반도체 제조,1975-12-12,12월,최창식,http://www.dbhitek.co.kr,경기도,2022-08-12,44408178.0,395024842725.0,181544900393.0,93254113025.0,158684674713.0,158684674713.0,45.96,23.61,40.17,367855453111.0,138146823747.0,169150979699.0,117372295503.0,117372295503.0,37.55,45.98,31.91,14292.0,243736208590.0,60590744587.0,50998531347.0,47810548964.0,47810548964.0,24.86,20.92,19.62,227818846946.0,30403226651.0,95699925876.0,13565936085.0,164432197016.0,13.35,42.01,5.95,4304.0,1214682040178.0,399106778303.0,393129114790.0,316891852008.0,7135.0,30865.0,24906.0,33.88,20.45,46.3,28.65,21.1,24.199999999999996,62.070643918766145,
2,69730,KOSPI,DSR제강,1차 철강 제조업,"와이어로프,각종 경강선,철선제품,PC강선,아연도 강연선 제조",2003-01-28,12월,홍하종,http://www.dsrcorp.com,전라남도,2022-08-12,14399088.0,60917992263.0,7093751065.0,1414302842.0,8370316388.0,0.0,11.64,2.32,13.74,60990582951.0,4502295686.0,-3800317480.0,3695646284.0,0.0,7.38,-6.23,6.06,2324.0,45845471055.0,-437543835.0,513633277.0,1351759937.0,0.0,-0.95,1.12,2.95,45398416265.0,-18968562.0,6185101323.0,11455042.0,0.0,-0.04,13.62,0.03,372.0,207142759596.0,4291637467.0,-13140394540.0,7620490221.0,529.0,11449.0,10683.0,13.05,3.15,20.3,4.95,12.59,7.42,32.8767942855637,
3,7700,KOSPI,F&F홀딩스,기타 금융업,"스포츠웨어(골프웨어) 제조/도서출판(단행본,유아/아동전집류(아인슈타인시리즈),잡지)/이천고속도로휴게소/문구사무용품,수입의류 판매,소매",1984-10-04,12월,박의헌,http://www.fnfholdings.com,서울특별시,2022-08-16,39113363.0,438218951041.0,136578277681.0,124396487465.0,28170737144.0,95169185323.0,31.17,28.39,6.43,565069842756.0,173484001819.0,182059076555.0,40920338768.0,123963100976.0,30.7,32.22,7.24,2880.0,8011589603.0,1390583663.0,84249778243.0,56511719844.0,2088643476.0,17.36,1051.6,705.37,5903880644.0,-1109310990.0,121898661910.0,49195255143.0,168480087893.0,-18.79,2064.72,833.27,5776.0,727126345365.0,223050455460.0,279947856820.0,1912061597858.0,48885.0,64050.0,59169.0,3.72,65.65,4.5,82.62,13.810000000000002,49.489999999999995,5369.812768204023,
4,11200,KOSPI,HMM,해상 운송업,"정기,부정기,전용선,콘테이너선,자동차선,LNG선 해운",1995-10-05,12월,배재훈,http://www.hmm21.com,서울특별시,2022-08-10,489121783.0,4918670000000.0,3148609000000.0,3185430000000.0,3131708000000.0,0.0,64.01,64.76,63.67,4443041000000.0,2698529000000.0,2739542000000.0,2672685000000.0,0.0,60.74,61.66,60.15,25608.0,2428039000000.0,1019289000000.0,1113921000000.0,154072000000.0,0.0,41.98,45.88,6.35,2006532000000.0,567015000000.0,605636000000.0,136794000000.0,0.0,28.26,30.18,6.82,1256.0,13794148000000.0,7377522000000.0,7505033000000.0,5337056000000.0,10911.0,32821.0,21177.0,52.47,29.86,78.02,51.52,22.03000000000001,32.480000000000004,102.57788280995486,
5,92220,KOSPI,KEC,반도체 제조업,반도체 제조,2006-10-16,12월,박남규 김학남,http://www.kec.co.kr,서울특별시,2022-08-16,144761051.0,72223657528.0,9024404867.0,-193065643.0,9509699058.0,0.0,12.5,-0.27,13.17,71509884123.0,7236832835.0,11372347811.0,-19943927599.0,0.0,10.12,15.9,-27.89,260.0,60661497289.0,2737092187.0,856364981.0,16209898389.0,0.0,4.51,1.41,26.72,57283397508.0,-1286606236.0,5744174275.0,-44246834798.0,0.0,-2.25,10.03,-77.24,444.0,267472591083.0,26525638383.0,27220832885.0,9592292928.0,66.0,2548.0,1928.0,9.03,2.39,10.2,3.44,7.99,12.37,19.060129993027083,
6,10060,KOSPI,OCI,기초 화학물질 제조업,"타르제품,카본블랙,무수프탈산,농약원제,석탄화학제품,정밀화학제품,플라스틱창호재 제조,판매",1985-07-09,12월,"백우석, 이우현, 김택중(3인, 각자 대표이사)",http://www.oci.co.kr,서울특별시,2022-08-12,23849712.0,1006076445000.0,162009377000.0,75882589000.0,134500216000.0,134158696000.0,16.1,7.54,13.37,1014153917000.0,218035700000.0,-15946799000.0,287578346000.0,289482909000.0,21.5,-1.57,28.36,22556.0,573677884000.0,47018557000.0,22302035000.0,38002120000.0,39757436000.0,8.2,3.89,6.62,564231511000.0,32975178000.0,-127092384000.0,-160043461000.0,742151690000.0,5.84,-22.52,-28.36,6372.0,3243996752000.0,625984935000.0,377690582000.0,647647565000.0,27155.0,148296.0,130978.0,8.47,11.35,15.21,20.73,7.900000000000002,15.66,75.37305743513724,
7,5490,KOSPI,POSCO홀딩스,1차 철강 제조업,"열연코일,냉연강판,후판,선재,스테인리스 제조",1988-06-10,12월,"대표이사 회장 최정우, 대표이사 사장 전중선",http://www.posco.co.kr,서울특별시,2022-08-16,87236204.0,2928765425577.0,2257649688861.0,9414821924.0,1711611321575.0,0.0,77.09,0.32,58.44,21334273351909.0,2368336268990.0,2451239321956.0,1498438951185.0,0.0,11.1,11.49,7.02,78480.0,2137775203952.0,1552441317171.0,570868478208.0,1024735682380.0,0.0,72.62,26.7,47.93,15264210915695.0,863360069216.0,2698563840888.0,701015620977.0,0.0,5.66,17.68,4.59,46984.0,76332345050013.0,9238089232877.0,6259365289022.0,6617238627273.0,75854.0,669966.0,628236.0,6.85,7.23,11.71,12.07,4.469999999999999,5.4399999999999995,37.0006266403846,
8,1770,KOSPI,SHD,1차 철강 제조업,"석도강판,표면처리강판 제조,임가공,판매",1988-11-23,12월,신종호,http://www.shinhwatp.com,경기도,2022-08-12,1214746.0,28271973142.0,2683513780.0,12342480705.0,1967947525.0,0.0,9.49,43.66,6.96,29469052178.0,2181900171.0,-381543704.0,2354932968.0,0.0,7.4,-1.29,7.99,6480.0,23166145869.0,144370135.0,5135446558.0,290722023.0,0.0,0.62,22.17,1.25,22664269254.0,661944523.0,1209224251.0,309361830.0,0.0,2.92,5.34,1.36,956.0,104770706369.0,5712545723.0,-770577690.0,5792585283.0,4768.0,37033.0,33423.0,9.54,8.15,17.5,14.27,8.870000000000001,4.48,22.040037656123072,
9,9160,KOSPI,SIMPAC,특수 목적용 기계 제조업,"프레스,자동화장치,자동차부품 제조,도매",1989-07-29,12월,최진식,http://www.simpac.co.kr,인천광역시,2022-08-12,65428156.0,197012100101.0,49760729972.0,55207255390.0,39315015202.0,0.0,25.26,28.02,19.96,232853504863.0,52165318710.0,29588509205.0,35105408817.0,0.0,22.4,12.71,15.08,2400.0,97965365499.0,9422148336.0,1706272441.0,10998325306.0,0.0,9.62,1.74,11.23,104765312043.0,487877995.0,-8253827481.0,26419377208.0,0.0,0.47,-7.88,25.22,672.0,613012779571.0,106401536463.0,63747132643.0,90832862627.0,1388.0,9323.0,8355.0,16.69,10.06,25.74,16.62,15.640000000000002,21.93,101.10382796766173,
10,660,KOSPI,SK하이닉스,반도체 제조업,"반도체,컴퓨터,통신기기 제조,도매",1996-12-26,12월,"박정호, 이석희 (각자대표)",http://www.skhynix.com,경기도,2022-08-16,728080089.0,12155653000000.0,2859615000000.0,5141228000000.0,1978844000000.0,0.0,23.52,42.29,16.28,12376609000000.0,4219524000000.0,5774224000000.0,3316532000000.0,0.0,34.09,46.65,26.8,10868.0,8494188000000.0,1324421000000.0,3206762000000.0,1266663000000.0,0.0,15.59,37.75,14.91,7966225000000.0,958897000000.0,3200146000000.0,1769414000000.0,0.0,12.04,40.17,22.21,6956.0,42997792000000.0,12410340000000.0,19797648000000.0,9602316000000.0,13188.0,91851.0,85417.0,7.03,9.96,11.83,15.44,7.93,22.050000000000004,43.10553286553112,
11,11810,KOSPI,STX,상품 종합 도매업,"에너지 원료(석탄,석유),산업기자재(기계부품) 도매",1990-09-12,12월,박상준,http://www.stx.co.kr,경상남도,2022-08-12,28619474.0,295380000000.0,5077000000.0,1531000000.0,1580000000.0,0.0,1.72,0.52,0.53,276898000000.0,12177000000.0,-26529000000.0,-5718000000.0,-23318000000.0,4.4,-9.58,-2.07,220.0,201252000000.0,-4863000000.0,4538000000.0,-2984000000.0,0.0,-2.42,2.25,-1.48,156326000000.0,-6809000000.0,-15466000000.0,-8974000000.0,-23318000000.0,-4.36,-9.89,-5.74,-416.0,925509000000.0,9040000000.0,-12528000000.0,-15275000000.0,-533.0,4793.0,4281.0,0.88,-2.26,4.59,-12.47,4.14,8.760000000000002,46.771212211555664,
12,2710,KOSPI,TCC스틸,1차 철강 제조업,"석도강판,표면처리강판 제조,판매",1984-12-21,12월,"손봉락, 조석희, 손기영 (각자대표)",http://www.tccsteel.com,경상북도,2022-08-12,23498537.0,136722700945.0,8690799822.0,-11266750884.0,4630919393.0,4551135319.0,6.36,-8.24,3.39,151933702439.0,10056947733.0,6706996154.0,16587026590.0,16929000026.0,6.62,4.41,10.92,788.0,116809168229.0,1502793095.0,6117753886.0,1204349662.0,1039205104.0,1.29,5.24,1.03,107105709170.0,-1163478398.0,1889909971.0,-1597086077.0,28650976085.0,-1.09,1.76,-1.49,204.0,536651129324.0,25597715868.0,7630670677.0,28807250405.0,1225.0,7266.0,6605.0,4.8,7.85,10.84,18.56,5.07,7.71,17.04791928400711,-33.3094234846106
13,37270,KOSPI,YG PLUS,"자료처리, 호스팅, 포털 및 기타 인터넷 정보매개 서비스업","광고대행,광고물 제작",2003-08-01,12월,최성준,http://www.ygplus.com,서울특별시,2022-08-16,63437241.0,30475361684.0,3791310740.0,5783496382.0,6370732073.0,3874118974.0,12.44,18.98,20.9,41979981897.0,8815971603.0,-594712398.0,13905189282.0,14942672562.0,21.0,-1.42,33.12,400.0,26597655024.0,1426338451.0,-1407601221.0,3197994548.0,1834822609.0,5.36,-5.29,12.02,33367727671.0,3151697221.0,201863040.0,-3285827636.0,21076063421.0,9.45,0.6,-9.85,200.0,154302563674.0,25571451133.0,7800716725.0,21926213919.0,345.0,2523.0,2297.0,10.7,9.83,15.85,15.05,7.079999999999999,11.55,14.57912983870574,
14,35250,KOSPI,강원랜드,유원지 및 기타 오락관련 서비스업,"카지노,관광호텔,골프장,스키장,체육시설 운영",2003-09-04,12월,"Lee, Sam-Geol",http://kangwonland.high1.com,강원도,2022-08-16,213917248.0,226850860538.0,10529008096.0,2178121035.0,-5844889066.0,0.0,4.64,0.96,-2.58,242137264386.0,-20049795803.0,111574061007.0,-10989658887.0,0.0,-8.28,46.08,-4.54,-108.0,97434543660.0,-59617839359.0,-54899359538.0,-40887320725.0,0.0,-61.19,-56.34,-41.96,131322202551.0,-76119679081.0,-121854593396.0,-33326184067.0,0.0,-57.96,-92.79,-25.38,-764.0,788432829925.0,-52695285784.0,210874268539.0,-10567438936.0,-49.0,15205.0,15205.0,-0.59,-0.28,-0.71,-0.32,65.83,49.68,132.823854884158,
15,12610,KOSPI,경인양행,기초 화학물질 제조업,"반응성염료,직접염료,산성염료,삼원색원료 제조,수출입",1995-10-05,12월,"김흥준,조성용 (각자대표이사)",http://www.kyungin.co.kr,인천광역시,2022-08-16,41610893.0,113852837476.0,12143244506.0,7767678066.0,7576926803.0,8777373864.0,10.67,6.82,6.66,111498299363.0,11788545931.0,7628369322.0,6918415196.0,7854558507.0,10.57,6.84,6.2,728.0,94200315116.0,2857809622.0,9613705966.0,5610760283.0,6177961230.0,3.03,10.21,5.96,80681963827.0,743699776.0,16192417940.0,-5670302068.0,29235338274.0,0.92,20.07,-7.03,536.0,403325658612.0,28354678017.0,9230962632.0,24374478668.0,585.0,6342.0,6052.0,5.13,4.21,11.48,9.68,7.640000000000001,9.65,20.86248048724627,
16,5320,KOSPI,국동,생활용품 도매업,"셔츠,스웨터,파자마(섬유제품) 제조,판매,수출/부동산 임대",1996-12-24,12월,오창규,http://www.kd.co.kr,서울특별시,2022-08-12,55209784.0,70554779462.0,1454841260.0,-6883771205.0,1239465989.0,0.0,2.06,-9.76,1.76,68198692514.0,643249617.0,7658791685.0,-2205129443.0,0.0,0.94,11.23,-3.23,88.0,42992963743.0,-3014185035.0,-16888130956.0,-1684866069.0,0.0,-7.01,-39.28,-3.92,45257809160.0,-7654653031.0,-9179124553.0,-12353263292.0,0.0,-16.91,-20.28,-27.3,-120.0,226961774057.0,-3587448466.0,-25316836611.0,-7948938059.0,-143.0,1962.0,1854.0,2.84,-4.72,4.49,-7.77,9.07,17.85,64.10773605596692,
17,25860,KOSPI,남해화학,"비료, 농약 및 살균, 살충제 제조업","비료(요소,복합비료),공업제품원료 제조,도매",1995-11-10,12월,하형수,http://www.nhchem.co.kr,서울특별시,2022-08-16,49676409.0,601271342022.0,47865764201.0,-155044093863.0,36299879650.0,0.0,7.96,-25.79,6.04,403936869690.0,12287667489.0,-43133557174.0,14424217318.0,0.0,3.04,-10.68,3.57,2920.0,306380261404.0,3125649236.0,-68464471447.0,2914284044.0,0.0,1.02,-22.35,0.95,214435100222.0,-4900592923.0,36406531550.0,-2840239002.0,0.0,-2.29,16.98,-1.32,232.0,1451884407283.0,20481749724.0,-118071166535.0,21664019600.0,436.0,10621.0,9493.0,14.49,3.01,27.49,4.59,6.9399999999999995,5.33,96.25002579038534,
18,58730,KOSPI,다스코,"구조용 금속제품, 탱크 및 증기발생기 제조업","데크플레이트,도로안전시설물(가드레일,강재방호책),건축용단열재보드(경질우레탄보드),신재생에너지사업",2004-08-02,12월,한상원,http://www.dasco.kr,전라남도,2022-08-16,18085214.0,80286430690.0,1310006276.0,22196089125.0,-117856678.0,0.0,1.63,27.65,-0.15,115899386101.0,1996497177.0,-1850191978.0,2038982952.0,0.0,1.72,-1.6,1.76,-24.0,53183270463.0,-3575630414.0,9128968070.0,-3326295201.0,0.0,-6.72,17.17,-6.25,79932208171.0,-4577835074.0,-18090338627.0,-5494471340.0,0.0,-5.73,-22.63,-6.87,-732.0,363600169196.0,4312963481.0,-13031530409.0,-2427943894.0,-134.0,6881.0,6931.0,-0.15,-0.81,-0.35,-1.94,8.35,7.45,50.9618156067628,155.29389709207294
19,353200,KOSPI,대덕전자,전자부품 제조업,"PCB(Printed Circuit Board, 인쇄회로기판)의 제조 및 판매",2020-05-21,12월,신영환,http://www.daeduck.com,경기도,2022-08-12,49409893.0,305351615827.0,44772597751.0,56075447436.0,36397658594.0,36397658594.0,14.66,18.36,11.92,280951475082.0,26806414302.0,126917768405.0,18694273352.0,21313104251.0,9.54,45.17,6.65,2944.0,233643847079.0,6709070817.0,-24550758309.0,12530750910.0,13550144147.0,2.87,-10.51,5.36,214417005258.0,-5735381416.0,59186966209.0,-12048714249.0,59793502287.0,-2.67,27.6,-5.62,1012.0,1000931518781.0,72467127013.0,203808775837.0,63027288650.0,1275.0,14529.0,13800.0,13.19,6.7,20.26,9.24,11.79,12.209999999999999,30.691058054592833,
20,6570,KOSPI,대림통상,기타 금속 가공제품 제조업,"수전금구,비데,위생도기,샤워부스,타일,양식기,무역",1975-11-20,12월,"고은희, 이지용",http://www.dlt.co.kr,서울특별시,2022-08-16,15201033.0,42237522906.0,1870396248.0,-341139871.0,1156535665.0,0.0,4.43,-0.81,2.74,44431207514.0,3084542296.0,351029036.0,975681014.0,0.0,6.94,0.79,2.2,304.0,35432099534.0,-558183799.0,1000723606.0,-862554573.0,0.0,-1.58,2.82,-2.43,37551184407.0,-2444403424.0,-678043422.0,-8640400887.0,0.0,-6.51,-1.81,-23.01,-224.0,155229119203.0,2943841594.0,-2709490729.0,285043364.0,18.0,5210.0,5008.0,2.74,0.17,5.83,0.37,6.01,13.45,19.206943594944576,652.5763170560465
21,9190,KOSPI,대양금속,1차 철강 제조업,스테인레스 냉연강판 제조,1994-04-29,12월,조상종,http://www.daiyangmetal.co.kr,충청남도,2022-08-10,32356411.0,68951947165.0,10188800396.0,3341020178.0,9458549049.0,0.0,14.78,4.85,13.72,61667182915.0,6165811811.0,4403276020.0,6982357358.0,0.0,10.0,7.14,11.32,1168.0,39572005485.0,1323518721.0,-401030881.0,1859419189.0,0.0,3.34,-1.01,4.7,33623832119.0,-537549745.0,1693716902.0,-1805220765.0,0.0,-1.6,5.04,-5.37,228.0,203423901636.0,15188009078.0,-5352046822.0,15243418346.0,471.0,3714.0,3077.0,20.95,9.68,31.44,15.31,11.44,11.6,74.24425757531202,
22,3220,KOSPI,대원제약,의약품 제조업,"의약품(해열소염진통제,진해거담제,동맥경화용제,혈압강하제 등), 건강기능식품(프로바이오틱스 등)",1999-12-15,12월,"백승호,백승열",http://www.daewonpharm.com,서울특별시,2022-08-16,21845535.0,117056615266.0,13920988565.0,9210777037.0,10505252315.0,0.0,11.89,7.87,8.97,100958239652.0,10713698733.0,11987065363.0,5748744479.0,0.0,10.61,11.87,5.69,1920.0,74993570919.0,-2270701307.0,-6101970534.0,-8080616002.0,0.0,-3.03,-8.14,-10.78,77467918283.0,1565361833.0,7534463550.0,2190509202.0,0.0,2.02,9.73,2.83,-1476.0,354176435161.0,19425905258.0,22413390635.0,6988825613.0,319.0,10466.0,9997.0,9.12,1.63,18.34,3.2,14.92,8.59,56.088867127599485,
23,15230,KOSPI,대창단조,자동차 신품 부품 제조업,"자동차,중장비 부품(크랭크샤프트,트랙링크조립체,커넥팅로드,중장비롤러류),기어,동력전달장치,단조가공품,단조품 제조",1989-07-25,12월,박권일,http://www.dcf.co.kr,경상남도,2022-08-16,28571677.0,95749050659.0,11156429760.0,5198369963.0,7965591538.0,0.0,11.65,5.43,8.32,109691025515.0,10368851705.0,-5998642659.0,7983582702.0,0.0,9.45,-5.47,7.28,1112.0,83821732754.0,5988625952.0,272010056.0,9725536428.0,0.0,7.14,0.32,11.6,76448160130.0,3619732697.0,-4582730260.0,1241762422.0,0.0,4.73,-5.99,1.62,1360.0,354439661796.0,29506417898.0,-13449641847.0,26643056493.0,932.0,8482.0,7950.0,9.51,8.93,13.11,11.73,4.510000000000001,4.719999999999999,14.229385999457072,
24,3490,KOSPI,대한항공,항공 여객 운송업,"여객운송,화물운송,항공기 제조,판매,정비수리/기내식 제조판매,면세품 판매",1966-03-18,12월,"조원태, 우기홍",http://www.koreanair.com,서울특별시,2022-08-12,368209374.0,2884257098465.0,773092247067.0,1119316939574.0,532619942734.0,0.0,26.8,38.81,18.47,2907512024751.0,703747775508.0,1170521469827.0,409561527973.0,411767341044.0,24.2,40.26,14.09,5784.0,1792816354047.0,100973038995.0,510574675134.0,-53651166071.0,0.0,5.63,28.48,-2.99,1909996038608.0,117062091289.0,426859996928.0,426659604520.0,1233122169559.0,6.13,22.35,22.34,-580.0,9016824640301.0,1417968632826.0,3514195624777.0,577683539995.0,1568.0,21374.0,18646.0,7.68,2.17,27.06,8.41,21.17,18.07,60.878558027108845,
25,145720,KOSPI,덴티움,의료용 기기 제조업,치과용 기기 제조업,2017-03-15,12월,유재홍,http://www.dentium.co.kr,서울특별시,2022-08-12,11069334.0,74528714132.0,20397903600.0,4666334763.0,15679343326.0,0.0,27.37,6.26,21.04,94066731101.0,27271284507.0,31247256050.0,18527376815.0,0.0,28.99,33.22,19.7,5664.0,53797694947.0,10638934594.0,9433530652.0,8560006428.0,0.0,19.78,17.54,15.91,75400605881.0,17327676994.0,41070521300.0,11331585466.0,0.0,22.98,54.47,15.03,3092.0,291529687471.0,69882395499.0,74111673803.0,55484056506.0,5012.0,29526.0,26297.0,10.81,9.73,19.18,19.06,7.59,6.009999999999998,38.53514394143397,
26,170900,KOSPI,동아에스티,의약품 제조업,"스티렌, 자이데나",2013-04-08,12월,김민영,http://www.donga.co.kr,서울특별시,2022-08-16,8447538.0,156258490997.0,8150822497.0,18619193609.0,1737685604.0,0.0,5.22,11.92,1.11,152924768574.0,-4780188213.0,1681630632.0,-5755292550.0,0.0,-3.13,1.1,-3.76,820.0,140920202865.0,879530485.0,6266053862.0,762092203.0,0.0,0.62,4.45,0.54,128198949351.0,-16337790918.0,-9928479977.0,-14542687788.0,0.0,-12.74,-7.74,-11.34,360.0,593227915741.0,15618958260.0,49373803580.0,12816148950.0,1517.0,77228.0,77700.0,0.6,1.15,1.06,1.95,4.6,9.61,10.884378407185457,
27,24090,KOSPI,디씨엠,1차 철강 제조업,"PCM(칼라강판),라미네이트강판,산업용필름 제조,판매",1999-08-18,12월,정연택,http://www.dcmcorp.co.kr,경상남도,2022-08-16,11400434.0,76218368060.0,12492270385.0,10190882169.0,17641506537.0,17641506537.0,16.39,13.37,23.15,70999110927.0,8135711789.0,10806927082.0,15319760455.0,15319760455.0,11.46,15.22,21.58,6188.0,57917820549.0,5913434595.0,-1175437339.0,8986722235.0,8986722235.0,10.21,-2.03,15.52,44832539014.0,1991155543.0,-905138286.0,3569553795.0,34362677947.0,4.44,-2.02,7.96,3152.0,250829059873.0,34887867459.0,15806800753.0,50754929691.0,4452.0,22872.0,20661.0,21.21,17.69,27.05,21.55,6.18,7.0200000000000005,31.597438124449546,
28,4000,KOSPI,롯데정밀화학,기초 화학물질 제조업,"염소·셀룰로스계열, 암모니아 계열, 전자재료 등 화학제품 제조",1976-04-15,12월,김용석,http://www.lottefinechem.com,울산광역시,2022-08-16,25798337.0,652348003050.0,110346564628.0,223252834426.0,29573277578.0,0.0,16.92,34.22,4.53,522558212712.0,84939517536.0,165496095241.0,225937440724.0,0.0,16.25,31.67,43.24,4584.0,343935896409.0,35519397622.0,42039561193.0,40493898353.0,0.0,10.33,12.22,11.77,303740508982.0,28461178115.0,33158286916.0,66606868596.0,0.0,9.37,10.92,21.93,6276.0,1780293056795.0,244513587616.0,308521791730.0,585458461667.0,22693.0,92917.0,85223.0,3.8,21.5,4.93,26.63,6.590000000000002,6.880000000000001,89.6713922161367,
29,9580,KOSPI,무림P&P,"펄프, 종이 및 판지 제조업","표백화학펄프(B.K.P) 제조,목재가공,조림사업",1989-06-20,12월,이도균,http://www.moorimpnp.co.kr,울산광역시,2022-08-16,62366443.0,162205555518.0,10400102402.0,38533576509.0,4216107772.0,0.0,6.41,23.76,2.6,169207566056.0,10266563978.0,176527577.0,6933703515.0,0.0,6.07,0.1,4.1,268.0,137881812421.0,-8886804439.0,15114200001.0,-6632728402.0,0.0,-6.45,10.96,-4.81,132875648507.0,-5368705131.0,-18629214130.0,-9090870422.0,0.0,-4.04,-14.02,-6.84,-424.0,613699105829.0,29386707735.0,-15328185220.0,18590124909.0,298.0,10067.0,9924.0,1.11,1.25,2.66,3.0,12.86,10.11,17.641009114916006,
30,3650,KOSPI,미창석유,석유 정제품 제조업,"윤활유,고무배합유,전기절연유 제조,판매,수출입",1989-09-27,12월,유재순,http://www.michang.co.kr,부산광역시,2022-08-12,1739709.0,102503179947.0,11799101548.0,10357056597.0,7562479890.0,0.0,11.51,10.1,7.38,112926452869.0,11319011709.0,12994870032.0,9591525770.0,0.0,10.02,11.51,8.49,17384.0,90783857119.0,6314765102.0,-4869264154.0,6326881150.0,0.0,6.96,-5.36,6.97,76025846526.0,3644812310.0,10345787408.0,4313083901.0,0.0,4.79,13.61,5.67,14544.0,406292672739.0,35450218335.0,15235779430.0,33138620865.0,19048.0,180274.0,173581.0,8.15,9.53,9.64,10.97,4.55,5.2299999999999995,12.909038236432547,-94.3720582144217
31,1340,KOSPI,백광산업,기초 화학물질 제조업,"가성소다,합성염산 제조,판매",1976-06-10,12월,김성훈,http://www.pkic.co.kr,전라북도,2022-08-12,44151807.0,54362623785.0,8076419183.0,3730143016.0,7042402581.0,7042402581.0,14.86,6.86,12.95,51596804210.0,4739825181.0,14337944093.0,4726257829.0,4726257829.0,9.19,27.79,9.16,636.0,46396524104.0,4447914331.0,1784811105.0,3462045734.0,3462045734.0,9.59,3.85,7.46,42886409500.0,1916879941.0,11022544812.0,2846792976.0,7597200179.0,4.47,25.7,6.64,312.0,191117728512.0,17929801315.0,36597135742.0,14896324686.0,337.0,4499.0,4292.0,7.23,4.15,14.13,7.86,5.27,4.72,17.16960447973131,
32,207940,KOSPI,삼성바이오로직스,기초 의약물질 및 생물학적 제제 제조업,바이오의약품,2016-11-10,12월,임존종보 (Rim John Chongbo),http://www.samsungbiologics.com,인천광역시,2022-08-16,73704285.0,511303826776.0,176416807153.0,212955175510.0,146942732022.0,0.0,34.5,41.65,28.74,444313685644.0,128842730424.0,114469129963.0,79317937814.0,0.0,29.0,25.76,17.85,7972.0,260797315576.0,74295866136.0,-72492268938.0,60975536258.0,0.0,28.49,-27.8,23.38,375306554056.0,92576031108.0,-142631708706.0,96221726169.0,0.0,24.67,-38.0,25.64,3308.0,1568006928039.0,537309408072.0,454596217269.0,393589467655.0,5340.0,59696.0,67717.0,7.02,4.94,13.35,7.89,6.010000000000002,4.329999999999998,96.05409881107418,
33,68290,KOSPI,삼성출판사,"서적, 잡지 및 기타 인쇄물 출판업","서적 출판,인쇄,소매/부동산 임대",2002-08-05,12월,김진용,http://www.samsungbooks.com,서울특별시,2022-08-16,10000211.0,51338029603.0,4276511281.0,9423986954.0,1473886223.0,0.0,8.33,18.36,2.87,56829981111.0,6092621730.0,16326104462.0,1692269727.0,0.0,10.72,28.73,2.98,588.0,42609406383.0,701250761.0,12712011031.0,510848036.0,0.0,1.65,29.83,1.2,41550284266.0,-1215494140.0,4157771590.0,50106018799.0,0.0,-2.93,10.01,120.59,204.0,187479540147.0,7997004015.0,44630629478.0,3159352601.0,315.0,26880.0,22339.0,1.52,0.93,2.19,1.41,6.68,13.65,20.485202590108095,
34,2420,KOSPI,세기상사,"영화, 비디오물, 방송프로그램 제작 및 배급업","극장(영화상영)/극영화,만화영화 제조/음식료품,일용잡화 소매/부동산 임대",1968-12-27,12월,조영준,http://daehancinema.com,서울특별시,2022-08-16,4275935.0,6705871227.0,-269878755.0,-785893266.0,-419224583.0,0.0,-4.02,-11.72,-6.25,7039028159.0,-443161892.0,251704329.0,-557224844.0,0.0,-6.3,3.58,-7.92,-392.0,343009096.0,-335202639.0,-351376459.0,-412143232.0,0.0,-97.72,-102.44,-120.16,443542434.0,-378992605.0,-320583573.0,-426369296.0,0.0,-85.45,-72.28,-96.13,-384.0,17880222962.0,-1552340389.0,-1855023272.0,-1944921160.0,-454.0,4569.0,4347.0,-3.58,-4.19,-8.58,-10.46,93.7,79.15,1855.012652783995,
35,306200,KOSPI,세아제강,1차 철강 제조업,강관,2018-10-05,12월,"이휘령, 김석일",http://www.seahsteel.co.kr,서울특별시,2022-08-16,2836115.0,448817049225.0,59920752661.0,15326440678.0,45949532991.0,0.0,13.35,3.41,10.24,452244233590.0,43777313493.0,5941942542.0,24121694272.0,0.0,9.68,1.31,5.33,64804.0,321772601038.0,15750094843.0,16365333356.0,13199912005.0,0.0,4.89,5.09,4.1,301572487024.0,2155496504.0,-5000056547.0,-4666195728.0,0.0,0.71,-1.66,-1.55,18616.0,1497360775818.0,131945673869.0,22030620316.0,91395255230.0,32225.0,260717.0,239621.0,14.48,7.44,24.86,13.45,8.46,8.969999999999999,39.48268055675647,
36,3030,KOSPI,세아제강지주,기타 금융업,경영컨설팅업,1969-05-13,12월,"이주성, 김태현",http://www.seahsteel.co.kr/company/holdings/,서울특별시,2022-08-16,4141521000.0,916089648698.0,110970128965.0,4816662416.0,70888327178.0,0.0,12.11,0.53,7.74,820153117204.0,67998109952.0,-65765711783.0,35402466800.0,0.0,8.29,-8.02,4.32,68.0,584720291255.0,36939184443.0,12996941575.0,44729538626.0,0.0,6.32,2.22,7.65,573119686518.0,3811362223.0,38908082948.0,-35488433067.0,0.0,0.67,6.79,-6.19,40.0,2841722127579.0,298952263629.0,-165692653993.0,220656030829.0,53.0,411.0,383.0,8.93,7.61,16.51,13.91,5.789999999999999,7.619999999999999,56.67143117810629,
37,4430,KOSPI,송원산업,기타 화학제품 제조업,"폴리머첨가제(PVC안정제,산화방지제),폴리우레탄수지,프라스틱첨가제 제조",1977-06-25,12월,김충식 대표이사,http://www.songwon.com,울산광역시,2022-08-12,24000258.0,338433000000.0,57195000000.0,-22882000000.0,43427000000.0,0.0,16.9,-6.76,12.83,283475000000.0,36584000000.0,2602000000.0,26100000000.0,0.0,12.91,0.92,9.21,7236.0,222487000000.0,17343000000.0,-11103000000.0,10001000000.0,0.0,7.8,-4.99,4.5,203843000000.0,17955000000.0,15970000000.0,2791000000.0,0.0,8.81,7.83,1.37,1664.0,998190000000.0,105714000000.0,-18297000000.0,72273000000.0,3011.0,25693.0,22635.0,13.75,6.48,28.16,13.3,9.099999999999998,4.1,52.11360663769119,
38,4920,KOSPI,씨아이테크,그외 기타 제품 제조업,"컴퓨터 소프트웨어,하드웨어 서버,도매",1989-11-30,12월,김대영,http://www.citech.kr,서울특별시,2022-08-16,40809663.0,12421473585.0,1241035042.0,3852774806.0,3701765807.0,0.0,9.99,31.02,29.8,17972421539.0,2179875446.0,2394705138.0,4773675614.0,990882676.0,12.13,13.32,26.56,360.0,9058945790.0,-2863277673.0,905411563.0,-4587632350.0,0.0,-31.61,9.99,-50.64,13386670748.0,-675808780.0,1640213311.0,-3289994394.0,-7612846163.0,-5.05,12.25,-24.58,-448.0,47230072502.0,871731347.0,-3648266232.0,-6310819169.0,-154.0,1425.0,1171.0,14.92,-7.93,25.26,-13.2,41.6,17.18,37.11831236159765,
39,20560,KOSPI,아시아나항공,항공 여객 운송업,"항공운송(여객운송,화물운송)/항공기 제조,정비수리",2008-03-28,12월,정성권,http://www.flyasiana.com,서울특별시,2022-08-12,74421036.0,1246250096086.0,143524227260.0,428878751970.0,-11117158239.0,-46551582964.0,11.52,34.41,-0.89,1444454848053.0,118250407897.0,489010003141.0,237241043423.0,157049982473.0,8.19,33.85,16.42,-596.0,847160379434.0,-88608585312.0,176194381878.0,-319388249709.0,-345030903231.0,-10.46,20.8,-37.7,921472664680.0,-32290702555.0,-211080693890.0,166954705614.0,14651452255.0,-3.5,-22.91,18.12,-17164.0,4339706411421.0,93203600406.0,1008216924639.0,-362476384455.0,-4870.0,8491.0,7002.0,-0.34,-2.77,-7.02,-69.56,21.98,11.69,47.109110192173716,
40,10780,KOSPI,아이에스동서,"내화, 비내화 요업제품 제조업","타일,위생도기,콘크리트파일,P.C관,침목 제조,도매",1986-01-27,12월,"허석헌, 정원호, 김갑진(각자 대표이사)",http://www.isdongseo.co.kr,서울특별시,2022-08-16,30894384.0,589898548325.0,111697236169.0,142472347491.0,79166864100.0,0.0,18.93,24.15,13.42,645383360400.0,166501555439.0,119154068786.0,64050120062.0,0.0,25.8,18.46,9.92,10248.0,310227453764.0,40300810573.0,-55706521707.0,11937952126.0,0.0,12.99,-17.96,3.85,338254292082.0,52438901559.0,3582629121.0,13032116945.0,0.0,15.5,1.06,3.85,1544.0,1608440924896.0,310765130275.0,224248467500.0,104971578755.0,3397.0,49953.0,47156.0,9.1,2.99,20.52,7.21,5.9399999999999995,10.3,90.15033684728458,1026.6499343197443
41,70960,KOSPI,용평리조트,일반 및 생활 숙박시설 운영업,"리조트 운영, 콘도 분양",2016-05-27,12월,"신달순, 임학운 공동대표",http://www.yongpyong.co.kr,강원도,2022-08-16,48129444.0,34197869646.0,1885589260.0,-4317045569.0,-755005932.0,0.0,5.51,-12.62,-2.21,29482913779.0,7173109652.0,-12586514885.0,-3763486799.0,0.0,24.33,-42.69,-12.76,-60.0,27869494401.0,-2151326254.0,2076253091.0,-2562589243.0,0.0,-7.72,7.45,-9.19,26668014335.0,-3421411289.0,-7422162355.0,-7943219522.0,0.0,-12.83,-27.83,-29.79,-212.0,236330114660.0,30731092865.0,-11543045467.0,8673406976.0,180.0,7949.0,8025.0,-0.37,1.03,-0.75,2.25,13.23,37.16,22.70717636259999,
42,700,KOSPI,유수홀딩스,회사 본부 및 경영 컨설팅 서비스업,지주사업,1956-03-03,12월,송영규,http://www.eusu-holdings.com,서울특별시,2022-08-16,26041210.0,22224973309.0,8167237636.0,7392117407.0,8134748785.0,0.0,36.75,33.26,36.6,24203516608.0,8953773444.0,25429444585.0,7951793540.0,0.0,36.99,105.07,32.85,1248.0,16628491072.0,2125833695.0,-28127009495.0,4539588796.0,0.0,12.78,-169.15,27.3,10912171282.0,-12181814931.0,2056723660.0,73418863952.0,0.0,-111.64,18.85,672.82,696.0,81047873322.0,20347476590.0,-10889446999.0,24026921535.0,922.0,16255.0,15669.0,6.18,4.79,7.68,5.89,23.97,148.63,33.65598365340362,
43,7660,KOSPI,이수페타시스,전자부품 제조업,"P.C.B(인쇄회로기판),M.L.B 제조",2003-10-07,12월,서영준,http://www.petasys.com,대구광역시,2022-08-16,63248030.0,140471680986.0,18866104822.0,8796332880.0,14152224135.0,13903906504.0,13.43,6.26,10.07,123938240114.0,16495208735.0,-2612652979.0,425159190.0,10126194248.0,13.31,-2.11,0.34,892.0,98770992999.0,1904605064.0,6975211176.0,-2313453817.0,2546856383.0,1.93,7.06,-2.34,97719630807.0,2484671715.0,566538791.0,-9890409334.0,30387649072.0,2.54,0.58,-10.12,-144.0,469621094131.0,46875580199.0,3972190584.0,-3603718792.0,-56.0,3249.0,1984.0,11.55,-0.8,27.45,-2.87,11.5,10.77,42.21956945134914,
44,3120,KOSPI,일성신약,의약품 제조업,"의약품(항생제,화학료법제,항바이러스,근이완제,영양액륜) 제조,판매",1985-01-14,12월,"윤석근, 윤종욱",http://www.ilsung-ph.co.kr,서울특별시,2022-08-16,2660006.0,15067047231.0,333502139.0,-23234616.0,530579390.0,0.0,2.21,-0.15,3.52,12571395168.0,-84998414.0,-634088979.0,3372736481.0,0.0,-0.68,-5.04,26.83,796.0,8789169665.0,-523644009.0,2573547874.0,-5645514643.0,0.0,-5.96,29.28,-64.23,10216859411.0,-1108131531.0,-2635290655.0,1993341103.0,0.0,-10.85,-25.79,19.51,-8488.0,42089835817.0,-1797410519.0,5704073471.0,-1367510424.0,-514.0,129836.0,130040.0,0.57,-0.37,0.61,-0.4,8.17,10.17,71.42742494776951,
45,1550,KOSPI,조비,"비료, 농약 및 살균, 살충제 제조업","복합비료(연초용,수도용,시판용,특수작물용),양액재배용 비료,완효성 비료,부직포 제조,무역",1976-12-28,12월,이승연,http://www.chobi.co.kr,서울특별시,2022-08-16,5192317.0,43685817343.0,9568259374.0,-25064093152.0,8239538843.0,0.0,21.9,-57.37,18.86,18304148960.0,770097670.0,-5942655737.0,606852836.0,0.0,4.21,-32.47,3.32,6344.0,19799064371.0,1486964068.0,-12140422957.0,1440691068.0,0.0,7.51,-61.32,7.28,7963157130.0,-424772026.0,3900590418.0,-225021153.0,0.0,-5.33,48.98,-2.83,1108.0,84597515362.0,3077405830.0,-7973100192.0,1851220426.0,356.0,12028.0,10257.0,21.95,1.78,52.74,3.48,14.389999999999999,9.54,120.64586752385785,
46,18470,KOSPI,조일알미늄,1차 비철금속 제조업,"알루미늄판 제조,도매",1988-11-22,12월,"이영호,성원모",http://www.choilal.co.kr,경상북도,2022-08-16,125848716.0,165996555138.0,20788313368.0,-18694878454.0,19050156792.0,0.0,12.52,-11.26,11.48,143122873248.0,8602267124.0,-25280431785.0,8556670430.0,0.0,6.01,-17.66,5.98,604.0,96997441966.0,3101993129.0,-8567502856.0,2513219411.0,0.0,3.2,-8.83,2.59,90854922030.0,207619232.0,528609614.0,-429271388.0,0.0,0.23,0.58,-0.47,76.0,466932503112.0,18279237886.0,-28053513184.0,15675523934.0,124.0,1788.0,1325.0,18.09,4.51,33.77,9.39,9.32,5.779999999999999,71.13498229797224,
47,88790,KOSPI,진도,기타 전문 도매업,"모피제품 제조,가공",2006-03-28,12월,임병남,http://www.jindofand.co.kr,서울특별시,2022-08-16,12447056.0,17860841731.0,2852565998.0,15524483279.0,2107236069.0,0.0,15.97,86.92,11.8,27148227474.0,3951559894.0,4404184621.0,3539189279.0,0.0,14.56,16.22,13.04,676.0,14642736158.0,963364415.0,10706336765.0,1038630662.0,0.0,6.58,73.12,7.09,22454810616.0,522444592.0,5608187908.0,-594512502.0,0.0,2.33,24.98,-2.65,332.0,58961462990.0,3775884191.0,10690116847.0,3568236830.0,286.0,8495.0,8087.0,6.14,2.62,7.96,3.54,9.39,12.23,21.977487938562636,
48,10640,KOSPI,진양폴리,플라스틱제품 제조업,"폴리우레탄,폴리우레탄스폰지 제조,판매",1989-09-30,12월,"김상용,조영태(각자대표이사)",http://www.chinyangpoly.kr,경기도,2022-08-16,9999768.0,13948853236.0,1252430220.0,1544090668.0,902355132.0,0.0,8.98,11.07,6.47,15781461714.0,1811031743.0,86788625.0,1514881031.0,0.0,11.48,0.55,9.6,360.0,11028007924.0,376290731.0,186466827.0,222779952.0,0.0,3.41,1.69,2.02,9230781897.0,235128693.0,454631722.0,49841629.0,0.0,2.55,4.93,0.54,88.0,53069415717.0,4715418691.0,4160884188.0,3802118983.0,380.0,3039.0,2947.0,6.98,7.91,11.84,12.9,5.57,8.93,26.48570197019383,
49,7810,KOSPI,코리아써키트,전자부품 제조업,"인쇄회로기판,Module 제조/부동산(건물) 임대",1985-09-09,12월,장세준,http://www.kcg.co.kr,경기도,2022-08-16,23622635.0,410835044067.0,31170965540.0,33014800113.0,20308527024.0,0.0,7.59,8.04,4.94,415449707112.0,41406820564.0,23285717210.0,23404594500.0,0.0,9.97,5.6,5.63,3436.0,296720191742.0,7719823989.0,7839732304.0,6814002581.0,0.0,2.6,2.64,2.3,235664536117.0,-6227561409.0,-17105998347.0,-7481420625.0,0.0,-2.64,-7.26,-3.17,1152.0,1424168502751.0,85112839470.0,66837179704.0,56198128578.0,2378.0,30418.0,27600.0,6.93,5.28,11.3,8.62,4.99,12.610000000000001,38.458741771178,
50,7980,KOSPI,태평양물산,봉제의복 제조업,"봉제의류(자켓,파카,코트),침구 제조,우모가공,생활용품 도소매,무역",1994-12-27,12월,임석원,http://www.panpacific.co.kr,서울특별시,2022-08-16,48163419.0,238644233297.0,5192780934.0,-10152644660.0,-4291228765.0,0.0,2.18,-4.25,-1.8,234386373329.0,864219138.0,25059892875.0,1910954199.0,0.0,0.37,10.69,0.82,-356.0,171592047851.0,-4448150868.0,-17104242143.0,-9426053925.0,0.0,-2.59,-9.97,-5.49,143442641792.0,-9631681154.0,57702383477.0,-672961223.0,0.0,-6.71,40.23,-0.47,-780.0,892927654015.0,1375375954.0,-43664200703.0,-13807493332.0,-286.0,3658.0,3422.0,-2.14,-1.81,-9.73,-8.38,4.77,7.08,39.076510995558486,
51,363280,KOSPI,티와이홀딩스,기타 금융업,지주사업,2020-09-22,12월,유종연,http://www.ty-holdings.co.kr,서울특별시,2022-08-16,50931594.0,51758270722.0,-2041381363.0,31877435021.0,27157129395.0,0.0,-3.94,61.59,52.47,89135740723.0,1362359775.0,15057672753.0,5703147106.0,158600501352.0,1.53,16.89,6.4,2132.0,44787421658.0,-4921268130.0,14375377620.0,28775081651.0,0.0,-10.99,32.1,64.25,17066781135.0,-9557705015.0,30830800065.0,333411501792.0,158600501352.0,-56.0,180.65,1953.57,2256.0,295210018480.0,11235068662.0,45828586714.0,144268084279.0,2832.0,26504.0,27952.0,4.97,6.77,8.04,10.13,7.050000000000001,57.53,15.564300881684836,
52,4720,KOSPI,팜젠사이언스,의약품 제조업,의약품 외,1990-06-15,12월,김혜연 박희덕(각자),http://www.pharmgenscience.com,경기도,2022-08-16,15491464.0,40967884658.0,3221113059.0,-1641178609.0,57942838368.0,0.0,7.86,-4.01,141.43,32527247093.0,748109103.0,3194826922.0,13276823443.0,0.0,2.3,9.82,40.82,14960.0,24012535191.0,-1391859758.0,1238508954.0,22358332280.0,0.0,-5.8,5.16,93.11,26141318750.0,-1788804688.0,-265577711.0,6294595073.0,0.0,-6.84,-1.02,24.08,5772.0,109866066814.0,-5037919443.0,7784092733.0,32465959378.0,2095.0,13348.0,8193.0,69.19,14.74,112.08,25.58,13.66,9.14,70.61040965534924,
53,28670,KOSPI,팬오션,해상 운송업,"해상화물운송(외항,운수보관)",2007-09-21,12월,"김홍국, 안중호(각자 대표이사)",http://www.panocean.com,서울특별시,2022-08-11,534638546.0,1440894000000.0,169106000000.0,273440000000.0,162871000000.0,0.0,11.74,18.98,11.3,1478035000000.0,220698000000.0,397260000000.0,224559000000.0,0.0,14.93,26.88,15.19,1216.0,679924000000.0,48898000000.0,6759000000.0,54620000000.0,0.0,7.19,0.99,8.03,620513000000.0,60183000000.0,115732000000.0,-13661000000.0,0.0,9.7,18.65,-2.2,408.0,4616107000000.0,572946000000.0,767687000000.0,549305000000.0,1027.0,7516.0,6727.0,8.76,8.47,16.18,15.27,4.55,5.23,111.9198616315941,
54,5430,KOSPI,한국공항,기타 운송관련 서비스업,"항공기 지상조업,항공화물 상하역,장비대여,항공용역사업,항공기급유,항공화물 취급,보관,부정기헬기운송,여행알선,광업,먹는샘물 제조,농축산업",1976-12-28,12월,이승범,http://www.kas.co.kr,서울특별시,2022-08-16,3166163.0,89557559481.0,-5795963612.0,2355726076.0,-4094511695.0,0.0,-6.47,2.63,-4.57,94636396530.0,3316439107.0,5043436245.0,5725364914.0,3002321507.0,3.5,5.33,6.05,-5172.0,75504225770.0,-8554543234.0,-5600013264.0,-6389526644.0,0.0,-11.33,-7.42,-8.46,78281936602.0,-10343350819.0,-4387587478.0,-12610139272.0,33815729232.0,-13.21,-5.6,-16.11,-8072.0,345532183624.0,-902546870.0,15437820568.0,3251006197.0,1026.0,96368.0,91616.0,-4.43,0.85,-5.37,1.12,4.86,16.71,18.612645276052607,
55,6200,KOSPI,한국전자홀딩스,기타 금융업,"시장조사,경영컨설팅",1979-11-30,12월,박 명 덕,http://www.kecholdings.co.kr,서울특별시,2022-08-16,46808182.0,87854255824.0,10221106714.0,1522814620.0,11161032549.0,11161032549.0,11.63,1.73,12.7,93409629474.0,8722208351.0,12881513429.0,-9199257135.0,-9199257135.0,9.34,13.79,-9.85,952.0,72455609016.0,2998900501.0,787526982.0,13546919428.0,13546919428.0,4.14,1.09,18.7,62314829168.0,216169857.0,6354278874.0,-34998309371.0,29045946397.0,0.35,10.2,-56.16,1156.0,331176392129.0,38507381292.0,34548439820.0,29177553677.0,623.0,8229.0,6620.0,9.29,6.29,11.57,9.42,7.490000000000001,8.99,21.252525535462127,
56,104700,KOSPI,한국철강,1차 철강 제조업,철근. 단조강. 파이프,2008-09-29,12월,"문종인, 이수하 (각자대표)",http://www.kisco.co.kr,경상남도,2022-08-16,42446896.0,240898478939.0,22815181480.0,-12922767962.0,22823707445.0,0.0,9.47,-5.36,9.47,267099565982.0,27744024744.0,6575566444.0,28328211778.0,0.0,10.39,2.46,10.61,2148.0,135607667549.0,5451459689.0,-19698177481.0,8885455022.0,0.0,4.02,-14.53,6.55,161065449044.0,2947397908.0,25967862636.0,-44879034368.0,0.0,1.83,16.12,-27.86,836.0,886650133446.0,103286644200.0,52059221625.0,97251554504.0,2291.0,17781.0,17013.0,9.44,10.7,12.08,13.47,5.450000000000001,8.56,77.64370060561258,
57,3350,KOSPI,한국화장품제조,기타 화학제품 제조업,"화장품(OEM,ODM)",1978-02-06,12월,이용준,http://www.hkcosm.com,서울특별시,2022-08-16,4532181.0,28012786911.0,1147519017.0,3562930464.0,977063462.0,0.0,4.1,12.72,3.49,15058687431.0,-866862572.0,3193247522.0,-1736166397.0,0.0,-5.76,21.21,-11.53,860.0,15056108825.0,-563020000.0,2961969028.0,-28531493.0,0.0,-3.74,19.67,-0.19,13542393717.0,-1378983806.0,-1785219970.0,-3193068360.0,0.0,-10.18,-13.18,-23.58,-24.0,67809682461.0,-771314063.0,12582952238.0,-1201698631.0,-265.0,9303.0,9485.0,4.43,-1.57,9.24,-2.8,7.84,4.42,86.0559540090864,
58,195870,KOSPI,해성디에스,전자부품 제조업,반도체 패키지용 Substrate,2016-06-24,12월,조병학,http://www.haesungds.com,경상남도,2022-08-16,16995841.0,199624482801.0,48338090920.0,28726900067.0,39765400258.0,0.0,24.21,14.39,19.92,187522174958.0,29914918871.0,36428279798.0,24323110851.0,0.0,15.95,19.43,12.97,9356.0,137478338064.0,10164555728.0,-8469241967.0,9312023720.0,0.0,7.39,-6.16,6.77,113450090185.0,6073610468.0,-10877261527.0,2240029192.0,0.0,5.35,-9.59,1.97,2188.0,655373012865.0,86329952850.0,57112624480.0,71261704522.0,4192.0,20315.0,17316.0,30.04,15.0,46.05,24.21,16.82,10.6,45.204317721726625,
59,111110,KOSPI,호전실업,봉제의복 제조업,스포츠웨어 및 아웃도어 웨어 OEM,2017-02-02,12월,박용철 박진호,http://www.hojeon.com,서울특별시,2022-08-16,10390778.0,86819852941.0,2813931108.0,-33442401944.0,1227139803.0,0.0,3.24,-38.52,1.41,106487373979.0,6243918393.0,35636643043.0,476170652.0,0.0,5.86,33.47,0.45,472.0,55612176014.0,-2391649079.0,-22662475856.0,-1703314156.0,0.0,-4.3,-40.75,-3.06,76870850539.0,-3195794170.0,42593809177.0,-11653430564.0,0.0,-4.16,55.41,-15.16,-652.0,344867583539.0,20619478511.0,13769158625.0,11774138735.0,1133.0,11231.0,11556.0,1.62,3.89,4.2,9.81,7.54,10.02,56.116626184783115,
60,133820,KOSPI,화인베스틸,1차 철강 제조업,"조선용 형강(부등변 부등후 앵글, 부등호 앵글, 등변앵글 평철 등)",2014-07-22,12월,장재훈,http://www.finebesteel.com,경상남도,2022-08-16,29551002.0,34513154304.0,2799055552.0,-6950999105.0,1912288752.0,0.0,8.11,-20.14,5.54,45212831173.0,10062468230.0,3778792547.0,8798089960.0,0.0,22.26,8.36,19.46,256.0,23106683615.0,-3962490098.0,3695211002.0,-4796678050.0,0.0,-17.15,15.99,-20.76,22720443154.0,-8138966097.0,4054494025.0,-9339779149.0,0.0,-35.82,17.85,-41.11,-648.0,124076835252.0,5534587867.0,11174821919.0,2374205660.0,80.0,3042.0,2690.0,4.02,1.3,8.41,2.99,25.259999999999998,58.08,49.3643781991949,
61,93370,KOSPI,후성,기초 화학물질 제조업,"불소화물 제조,도매",2006-12-22,12월,허국,http://www.foosungchem.com,경기도,2022-08-16,92596994.0,158587621484.0,52371494258.0,26458448147.0,34796320890.0,0.0,33.02,16.68,21.94,135051110846.0,29017086400.0,38800639679.0,-290059691.0,0.0,21.49,28.73,-0.21,1500.0,63219182855.0,-469015052.0,6383085423.0,-3925046727.0,0.0,-0.74,10.1,-6.21,68264545983.0,-762541100.0,13690466402.0,8629240807.0,0.0,-1.12,20.06,12.64,-168.0,381256774874.0,58138943581.0,83446715705.0,22564471869.0,243.0,3738.0,3061.0,19.88,3.66,40.13,7.96,33.760000000000005,22.61,150.85364018028798,
62,3280,KOSPI,흥아해운,해상 운송업,외항화물운송업(케미컬탱커),1976-06-29,12월,이환구,http://www.heung-a.com,서울특별시,2022-08-16,240424278.0,26209552744.0,1934771236.0,4701016715.0,1407199893.0,0.0,7.38,17.94,5.37,25964595065.0,3405327471.0,-4809015249.0,-24901541490.0,-24901541490.0,13.12,-18.52,-95.91,20.0,18169251703.0,-1206765478.0,11860755852.0,-463567759.0,0.0,-6.64,65.28,-2.55,19717771606.0,-870543613.0,8150112767.0,-35822203328.0,31498166795.0,-4.42,41.33,-181.67,-4.0,81724313869.0,-1874688534.0,-2635681650.0,16436494237.0,68.0,372.0,428.0,1.8,6.65,5.37,15.97,14.02,17.54,44.25224094216512,
63,282330,KOSPI,BGF리테일,종합 소매업,체인화 편의점,2017-12-08,12월,이건준,http://www.bgfretail.com,서울특별시,2022-08-16,17282608.0,1692224040773.0,37755069529.0,113369985099.0,25988985646.0,0.0,2.23,6.7,1.54,1742951326656.0,49669908433.0,116327471645.0,35667473798.0,0.0,2.85,6.67,2.05,6012.0,1501235771674.0,21631358848.0,76751157726.0,15871350141.0,0.0,1.44,5.11,1.06,1556280875033.0,35553518237.0,120837905557.0,26163559364.0,0.0,2.28,7.76,1.68,3672.0,6781161259022.0,199441703668.0,538147659919.0,147642852239.0,8542.0,47731.0,46828.0,3.87,5.69,12.6,18.24,0.79,0.5700000000000003,12.722070223921758,
64,990,KOSPI,DB하이텍,반도체 제조업,반도체 제조,1975-12-12,12월,최창식,http://www.dbhitek.co.kr,경기도,2022-08-12,44408178.0,395024842725.0,181544900393.0,93254113025.0,158684674713.0,158684674713.0,45.96,23.61,40.17,367855453111.0,138146823747.0,169150979699.0,117372295503.0,117372295503.0,37.55,45.98,31.91,14292.0,243736208590.0,60590744587.0,50998531347.0,47810548964.0,47810548964.0,24.86,20.92,19.62,227818846946.0,30403226651.0,95699925876.0,13565936085.0,164432197016.0,13.35,42.01,5.95,4304.0,1214682040178.0,399106778303.0,393129114790.0,316891852008.0,7135.0,30865.0,24906.0,33.88,20.45,46.3,28.65,21.1,24.199999999999996,62.070643918766145,
65,1530,KOSPI,DI동일,상품 중개업,"면사,화섬사,면포,혼방포,스포츠웨어용 신합섬 제조,도매,수출",1964-01-04,12월,"서태원, 손재선",http://www.dong-il.com,서울특별시,2022-08-16,25572618.0,241007941980.0,17668630864.0,-7719725518.0,14276289553.0,0.0,7.33,-3.2,5.92,232445489916.0,12850631663.0,12913754234.0,10399212773.0,0.0,5.53,5.56,4.47,2232.0,194162877751.0,11993624963.0,7982942966.0,9320630481.0,0.0,6.18,4.11,4.8,172932543838.0,6075935013.0,20074387567.0,4013646069.0,0.0,3.51,11.61,2.32,1456.0,813085258056.0,48592979653.0,24848897859.0,42006521551.0,1642.0,23872.0,22426.0,5.35,4.23,9.35,7.32,1.1500000000000004,2.0200000000000005,24.12668413839408,
66,11200,KOSPI,HMM,해상 운송업,"정기,부정기,전용선,콘테이너선,자동차선,LNG선 해운",1995-10-05,12월,배재훈,http://www.hmm21.com,서울특별시,2022-08-10,489121783.0,4918670000000.0,3148609000000.0,3185430000000.0,3131708000000.0,0.0,64.01,64.76,63.67,4443041000000.0,2698529000000.0,2739542000000.0,2672685000000.0,0.0,60.74,61.66,60.15,25608.0,2428039000000.0,1019289000000.0,1113921000000.0,154072000000.0,0.0,41.98,45.88,6.35,2006532000000.0,567015000000.0,605636000000.0,136794000000.0,0.0,28.26,30.18,6.82,1256.0,13794148000000.0,7377522000000.0,7505033000000.0,5337056000000.0,10911.0,32821.0,21177.0,52.47,29.86,78.02,51.52,22.03000000000001,32.480000000000004,102.57788280995486,
67,9070,KOSPI,KCTC,도로 화물 운송업,"화물자동차운송,항만하역,창고보관,컨테이너조작,중량물해상운송",1978-09-29,12월,류주환,http://www.kctc.co.kr,서울특별시,2022-08-16,29996740.0,216234115340.0,10910305909.0,9555540492.0,384580439.0,0.0,5.05,4.42,0.18,207672220059.0,8167962905.0,9636847673.0,61602032.0,0.0,3.93,4.64,0.03,48.0,149324741211.0,4274358194.0,12378231971.0,257133450.0,0.0,2.86,8.29,0.17,130453229525.0,6371313613.0,-3233192514.0,248456441.0,0.0,4.88,-2.48,0.19,32.0,694737899435.0,29603505899.0,33161531629.0,967993217.0,32.0,8024.0,7637.0,0.23,0.18,0.6,0.42,2.19,-0.9499999999999997,44.80796255622181,
68,16380,KOSPI,KG동부제철,1차 철강 제조업,"철강재(냉연강판,아연도강판,칼라강판,석도강판,선재류,강관,형강,봉강),비철금속 제조,도매",1986-02-03,12월,박성희,http://www.kgdongbusteel.co.kr,서울특별시,2022-08-16,100075056.0,982829917875.0,95925103593.0,158678103506.0,68435219090.0,0.0,9.76,16.15,6.96,953982466793.0,49100823534.0,-39096742299.0,30049284545.0,0.0,5.15,-4.1,3.15,2732.0,647803001084.0,48467808543.0,48936658179.0,28046213296.0,0.0,7.48,7.55,4.33,591808861161.0,20230889334.0,14096416904.0,11208603116.0,0.0,3.42,2.38,1.89,1120.0,3354789186331.0,296911904979.0,-47200511321.0,190951002806.0,1908.0,12363.0,11493.0,9.49,6.89,22.1,16.6,2.2799999999999994,1.7300000000000004,51.7174073337702,
69,93050,KOSPI,LF,봉제의복 제조업,"기성복, 의류, 잡화, 제조",2006-12-01,12월,"오규식, 김상균 (각자 대표이사)",http://www.lfcorp.com,서울특별시,2022-08-16,29240483.0,450878006973.0,47918302374.0,12048921629.0,45524215140.0,0.0,10.63,2.67,10.1,543108555952.0,58035261578.0,141407630329.0,26323063016.0,0.0,10.69,26.04,4.85,6224.0,398294131544.0,27493834843.0,6504047550.0,8739723471.0,0.0,6.9,1.63,2.19,471263332728.0,32585813346.0,173174919974.0,159210039.0,0.0,6.91,36.75,0.03,1192.0,1793103979720.0,158865864141.0,310840897674.0,118639793428.0,4057.0,53211.0,51242.0,7.08,4.67,11.7,7.92,3.7300000000000004,3.7799999999999994,13.202272206511534,
70,10120,KOSPI,LS ELECTRIC,"전동기, 발전기 및 전기 변환 · 공급 · 제어 장치 제조업","고압기기,저압기기,변압기,배전반,PLC,인버터,빌딩설비,공조기,건축배관,자동화기기 제조,동가공",1994-07-11,12월,"구자균, 김동현",http://www.ls-electric.com,경기도,2022-08-16,29995902.0,729663878126.0,40566280052.0,31461058476.0,33300844125.0,34657742283.0,5.56,4.31,4.56,752950810509.0,44297655066.0,-64675808206.0,24180154791.0,22391494114.0,5.88,-8.59,3.21,4440.0,589388869818.0,23352048906.0,18620275375.0,15198898680.0,15728825774.0,3.96,3.16,2.58,610218463057.0,32637743070.0,115169516326.0,20479656984.0,20883534533.0,5.35,18.87,3.36,2024.0,2668264980253.0,155131916609.0,101544478367.0,84736315508.0,2824.0,49859.0,49120.0,4.47,3.03,8.9,5.75,1.5999999999999996,0.5300000000000002,23.800077587368783,
71,1120,KOSPI,LX인터내셔널,상품 중개업,"전자,기계,화공,유류.금속,의류 수출입,도소매",1976-01-30,12월,윤춘성,http://www.lxinternational.co.kr,서울특별시,2022-08-16,38752976.0,4918114586110.0,245713763096.0,-48257866322.0,154355055424.0,0.0,5.0,-0.98,3.14,4550588712910.0,207569373783.0,387507860082.0,92160985212.0,0.0,4.56,8.52,2.03,15932.0,3685179912825.0,113257394184.0,-51390322607.0,61143615562.0,0.0,3.07,-1.39,1.66,3370335420528.0,44752283160.0,87011275677.0,10877274338.0,0.0,1.33,2.58,0.32,6308.0,16686532633651.0,656217086586.0,175589706020.0,350069144537.0,9033.0,69427.0,61524.0,8.29,5.19,22.95,14.68,1.9300000000000002,3.2299999999999995,33.45656663855665,706.5109133739962
72,5490,KOSPI,POSCO홀딩스,1차 철강 제조업,"열연코일,냉연강판,후판,선재,스테인리스 제조",1988-06-10,12월,"대표이사 회장 최정우, 대표이사 사장 전중선",http://www.posco.co.kr,서울특별시,2022-08-16,87236204.0,2928765425577.0,2257649688861.0,9414821924.0,1711611321575.0,0.0,77.09,0.32,58.44,21334273351909.0,2368336268990.0,2451239321956.0,1498438951185.0,0.0,11.1,11.49,7.02,78480.0,2137775203952.0,1552441317171.0,570868478208.0,1024735682380.0,0.0,72.62,26.7,47.93,15264210915695.0,863360069216.0,2698563840888.0,701015620977.0,0.0,5.66,17.68,4.59,46984.0,76332345050013.0,9238089232877.0,6259365289022.0,6617238627273.0,75854.0,669966.0,628236.0,6.85,7.23,11.71,12.07,4.469999999999999,5.4399999999999995,37.0006266403846,
73,10950,KOSPI,S-Oil,석유 정제품 제조업,"석유제품,가스,윤활기유,윤활유,그리스,석유화학제품 제조,도매",1987-05-27,12월,Hussain A.Al-Qahtani,http://www.s-oil.com,서울특별시,2022-08-16,112591136.0,9287044000000.0,1331959000000.0,-876573000000.0,870826000000.0,0.0,14.34,-9.44,9.38,8291101000000.0,391289000000.0,1237412000000.0,288545000000.0,0.0,4.72,14.92,3.48,30936.0,5344786000000.0,629215000000.0,559234000000.0,344709000000.0,0.0,11.77,10.46,6.45,4280275000000.0,81672000000.0,1160222000000.0,121141000000.0,0.0,1.91,27.11,2.83,12244.0,27463918000000.0,2140942000000.0,1477165000000.0,1378541000000.0,12243.0,69852.0,62065.0,16.24,7.37,44.29,19.73,2.5700000000000003,2.8099999999999996,73.75894937608354,-45.68274085183855
74,1770,KOSPI,SHD,1차 철강 제조업,"석도강판,표면처리강판 제조,임가공,판매",1988-11-23,12월,신종호,http://www.shinhwatp.com,경기도,2022-08-12,1214746.0,28271973142.0,2683513780.0,12342480705.0,1967947525.0,0.0,9.49,43.66,6.96,29469052178.0,2181900171.0,-381543704.0,2354932968.0,0.0,7.4,-1.29,7.99,6480.0,23166145869.0,144370135.0,5135446558.0,290722023.0,0.0,0.62,22.17,1.25,22664269254.0,661944523.0,1209224251.0,309361830.0,0.0,2.92,5.34,1.36,956.0,104770706369.0,5712545723.0,-770577690.0,5792585283.0,4768.0,37033.0,33423.0,9.54,8.15,17.5,14.27,8.870000000000001,4.48,22.040037656123072,
75,9160,KOSPI,SIMPAC,특수 목적용 기계 제조업,"프레스,자동화장치,자동차부품 제조,도매",1989-07-29,12월,최진식,http://www.simpac.co.kr,인천광역시,2022-08-12,65428156.0,197012100101.0,49760729972.0,55207255390.0,39315015202.0,0.0,25.26,28.02,19.96,232853504863.0,52165318710.0,29588509205.0,35105408817.0,0.0,22.4,12.71,15.08,2400.0,97965365499.0,9422148336.0,1706272441.0,10998325306.0,0.0,9.62,1.74,11.23,104765312043.0,487877995.0,-8253827481.0,26419377208.0,0.0,0.47,-7.88,25.22,672.0,613012779571.0,106401536463.0,63747132643.0,90832862627.0,1388.0,9323.0,8355.0,16.69,10.06,25.74,16.62,15.640000000000002,21.93,101.10382796766173,
76,660,KOSPI,SK하이닉스,반도체 제조업,"반도체,컴퓨터,통신기기 제조,도매",1996-12-26,12월,"박정호, 이석희 (각자대표)",http://www.skhynix.com,경기도,2022-08-16,728080089.0,12155653000000.0,2859615000000.0,5141228000000.0,1978844000000.0,0.0,23.52,42.29,16.28,12376609000000.0,4219524000000.0,5774224000000.0,3316532000000.0,0.0,34.09,46.65,26.8,10868.0,8494188000000.0,1324421000000.0,3206762000000.0,1266663000000.0,0.0,15.59,37.75,14.91,7966225000000.0,958897000000.0,3200146000000.0,1769414000000.0,0.0,12.04,40.17,22.21,6956.0,42997792000000.0,12410340000000.0,19797648000000.0,9602316000000.0,13188.0,91851.0,85417.0,7.03,9.96,11.83,15.44,7.93,22.050000000000004,43.10553286553112,
77,5610,KOSPI,SPC삼립,기타 식품 제조업,"빵,아이스크림,과자,케익,유산균음료,인스턴트식품,병조림,면류,식용유 제조,판매",1975-05-02,12월,황종현,http://www.spcsamlip.co.kr,경기도,2022-08-16,8629169.0,724801994095.0,13589072564.0,-23449908965.0,7819816058.0,7819813370.0,1.87,-3.24,1.08,833144198448.0,27284837231.0,17059342908.0,18561832895.0,18561701689.0,3.27,2.05,2.23,3624.0,652540817229.0,10442491908.0,26968498921.0,6232040233.0,6241289919.0,1.6,4.13,0.96,675122025337.0,21721444219.0,37453040194.0,4306995986.0,57171509542.0,3.22,5.55,0.64,2888.0,2946653786654.0,66177207700.0,96896093322.0,40445485706.0,4687.0,40540.0,38825.0,2.51,3.31,8.94,12.07,0.27,0.04999999999999982,11.07381714033698,3576.0249761900395
78,500,KOSPI,가온전선,절연선 및 케이블 제조업,"전력선,통신케이블 제조,도매,수출입",1987-06-08,12월,윤재인,http://www.gaoncable.com,경기도,2022-08-16,4160440.0,333158174715.0,6198518099.0,12605751548.0,3852777425.0,0.0,1.86,3.78,1.16,298380759468.0,5467663331.0,-10559927851.0,531730783.0,0.0,1.83,-3.54,0.18,3704.0,235967839719.0,3754854186.0,24573298146.0,1989912337.0,0.0,1.59,10.41,0.84,203995076888.0,1113144645.0,-42974111580.0,1349806194.0,0.0,0.55,-21.07,0.66,1912.0,1070383204799.0,16571777888.0,-11282515897.0,5854428912.0,1407.0,65075.0,64443.0,2.09,0.89,5.69,2.18,0.27,1.28,41.187958118249576,
79,50,KOSPI,경방,종합 소매업,"섬유류(면사,면혼방사,면직물,면혼방직물,화섬사,화섬직물) 제조,도매,수출입",1956-03-03,12월,"김준, 김담",http://www.kyungbang.co.kr,서울특별시,2022-08-12,27415089.0,96786200686.0,18642739078.0,8574484206.0,15130863802.0,0.0,19.26,8.86,15.63,113349298945.0,22272864590.0,23376245542.0,4261383664.0,0.0,19.65,20.62,3.76,2204.0,82570752134.0,13337575719.0,-6329245512.0,6839488183.0,0.0,16.15,-7.67,8.28,84699212816.0,10542210480.0,16697868192.0,6762079653.0,0.0,12.45,19.71,7.98,996.0,383357144805.0,53796815200.0,20910159298.0,22281521113.0,812.0,27889.0,27435.0,4.75,1.75,7.9,2.96,3.110000000000003,7.199999999999999,17.216082189648034,8.193539192129528
80,2240,KOSPI,고려제강,1차 철강 제조업,"PC강선,선재 2차제품,와이어로프,비드와이어,SC(Surpass Coat) Stand,각종선재 제조,도매",1976-05-25,12월,"이이문, 주종대 (각자대표)",http://www.kiswire.com,부산광역시,2022-08-12,22998780.0,516133481149.0,49536573425.0,-35980911974.0,43479308171.0,0.0,9.6,-6.97,8.42,481688989284.0,26354068343.0,-35211856761.0,31765640719.0,0.0,5.47,-7.31,6.59,7560.0,400188945846.0,23136275760.0,-8956430243.0,32721897984.0,0.0,5.78,-2.24,8.18,373674355974.0,19181666294.0,65008555249.0,20220613813.0,0.0,5.13,17.4,5.41,5688.0,1691354877090.0,98526648327.0,39463449669.0,129802452238.0,5643.0,74408.0,71225.0,6.72,5.25,10.16,7.92,3.8199999999999994,0.33999999999999986,28.972448266379043,
81,7690,KOSPI,국도화학,기초 화학물질 제조업,"에폭시수지,폴리아마이드수지,아염소산소다 제조,도소매",1989-08-05,12월,"이시창, 허연진",http://www.kukdo.com,서울특별시,2022-08-16,9011115.0,416572714925.0,35559644505.0,-1115377070.0,32932099710.0,0.0,8.54,-0.27,7.91,416424298523.0,43697871080.0,63368195657.0,32966439312.0,0.0,10.49,15.22,7.92,14616.0,310928164228.0,26342644023.0,-33145547488.0,19927637749.0,0.0,8.47,-10.66,6.41,274173662662.0,11156321935.0,15145930099.0,5682701711.0,0.0,4.07,5.52,2.07,8844.0,1577111746723.0,204707042943.0,-25929996085.0,157700490249.0,17500.0,96765.0,90437.0,8.83,11.13,15.1,19.35,0.06999999999999851,6.42,33.97715705790231,
82,83420,KOSPI,그린케미칼,기타 화학제품 제조업,"비이온계면활성제 제조,도매",2005-10-20,12월,양준화,http://www.korgc.com,충청남도,2022-08-12,24001434.0,97338388131.0,6413952136.0,1004826740.0,5527659456.0,0.0,6.59,1.03,5.68,83259485947.0,7632693717.0,5469125262.0,5081421047.0,0.0,9.17,6.57,6.1,920.0,65554971865.0,3529278628.0,-2611626509.0,3007872397.0,0.0,5.38,-3.98,4.59,64120885673.0,3402637260.0,8518930045.0,2155987448.0,0.0,5.31,13.29,3.36,500.0,286224270189.0,20850251543.0,15654812185.0,15928806384.0,663.0,5400.0,5141.0,9.79,7.52,17.03,12.91,1.21,3.8600000000000003,48.48360904105469,
83,4370,KOSPI,농심,기타 식품 제조업,"라면,스낵,유지 제조,도매,수출입",1976-06-30,12월,"박준,이병학",http://www.nongshim.com,서울특별시,2022-08-16,6082484.0,736304711112.0,34322105440.0,89553882057.0,33038963009.0,0.0,4.66,12.16,4.49,707654441045.0,31438314761.0,41811166796.0,27171949078.0,0.0,4.44,5.91,3.84,21724.0,634417148367.0,28308722145.0,44248786836.0,29002494117.0,0.0,4.46,6.97,4.57,632619619536.0,26019033400.0,31391613508.0,34083207489.0,0.0,4.11,4.96,5.39,19072.0,2662982988213.0,106139720895.0,162684342404.0,99828002252.0,16412.0,372436.0,361820.0,4.42,3.44,5.83,4.54,0.20000000000000018,0.33000000000000007,16.060026594057277,
84,15230,KOSPI,대창단조,자동차 신품 부품 제조업,"자동차,중장비 부품(크랭크샤프트,트랙링크조립체,커넥팅로드,중장비롤러류),기어,동력전달장치,단조가공품,단조품 제조",1989-07-25,12월,박권일,http://www.dcf.co.kr,경상남도,2022-08-16,28571677.0,95749050659.0,11156429760.0,5198369963.0,7965591538.0,0.0,11.65,5.43,8.32,109691025515.0,10368851705.0,-5998642659.0,7983582702.0,0.0,9.45,-5.47,7.28,1112.0,83821732754.0,5988625952.0,272010056.0,9725536428.0,0.0,7.14,0.32,11.6,76448160130.0,3619732697.0,-4582730260.0,1241762422.0,0.0,4.73,-5.99,1.62,1360.0,354439661796.0,29506417898.0,-13449641847.0,26643056493.0,932.0,8482.0,7950.0,9.51,8.93,13.11,11.73,4.510000000000001,4.719999999999999,14.229385999457072,
85,5880,KOSPI,대한해운,해상 운송업,"외항화물운송,국제해운대리점",1992-04-23,12월,김만태,http://www.korealines.co.kr,서울특별시,2022-08-16,319207789.0,349827261293.0,73577523919.0,94091478182.0,62287808675.0,0.0,21.03,26.9,17.81,350196247239.0,62243652223.0,132839926868.0,48632138166.0,0.0,17.77,37.93,13.89,780.0,225530574049.0,40743866839.0,61717064267.0,49514897377.0,0.0,18.07,27.37,21.95,222181030094.0,36321383535.0,14434986283.0,5963448981.0,0.0,16.35,6.5,2.68,620.0,1153843059443.0,203921089342.0,319723281927.0,246168666887.0,771.0,5614.0,4755.0,5.86,6.38,13.89,16.22,2.960000000000001,1.4199999999999982,55.113009740752325,
86,16090,KOSPI,대현,봉제의복 제조업,"여성의류 및 악세사리류 제조,도매,유통(백화점)",1990-09-20,12월,신현균,http://www.daehyun.co.kr,서울특별시,2022-08-16,44282889.0,78642410693.0,7030435061.0,12337464787.0,5911421601.0,0.0,8.94,15.69,7.52,96967517547.0,12037762855.0,6579463223.0,10321353790.0,0.0,12.41,6.79,10.64,532.0,70096923651.0,5665551056.0,10035213842.0,4265295108.0,0.0,8.08,14.32,6.08,81358321151.0,3069476476.0,72332534.0,2956735503.0,0.0,3.77,0.09,3.63,384.0,287896441056.0,22414773991.0,30688795560.0,19243108431.0,434.0,5255.0,4991.0,8.33,6.87,10.12,8.71,0.8599999999999994,8.64,12.190958742421346,
87,145720,KOSPI,덴티움,의료용 기기 제조업,치과용 기기 제조업,2017-03-15,12월,유재홍,http://www.dentium.co.kr,서울특별시,2022-08-12,11069334.0,74528714132.0,20397903600.0,4666334763.0,15679343326.0,0.0,27.37,6.26,21.04,94066731101.0,27271284507.0,31247256050.0,18527376815.0,0.0,28.99,33.22,19.7,5664.0,53797694947.0,10638934594.0,9433530652.0,8560006428.0,0.0,19.78,17.54,15.91,75400605881.0,17327676994.0,41070521300.0,11331585466.0,0.0,22.98,54.47,15.03,3092.0,291529687471.0,69882395499.0,74111673803.0,55484056506.0,5012.0,29526.0,26297.0,10.81,9.73,19.18,19.06,7.59,6.009999999999998,38.53514394143397,
88,1230,KOSPI,동국제강,1차 철강 제조업,"후판,철근,강판,형강,앵글,찬넬,평철 제조,판매",1988-05-09,12월,"장세욱, 김연극",http://www.dongkuk.co.kr,서울특별시,2022-08-16,95416301.0,2131317295529.0,205825157067.0,329257073531.0,268136545876.0,0.0,9.66,15.45,12.58,2119483471744.0,188074819197.0,3990920824.0,185377465959.0,0.0,8.87,0.19,8.75,11240.0,1395774735235.0,109430749372.0,57397875273.0,25070218788.0,0.0,7.84,4.11,1.8,1378375463813.0,53048327394.0,309726817787.0,86592187158.0,0.0,3.85,22.47,6.28,1048.0,7240296531105.0,803015420425.0,125744822816.0,550532050255.0,5769.0,33829.0,29160.0,16.34,8.69,33.23,19.79,1.8200000000000003,5.02,52.69779870103181,
89,4890,KOSPI,동일산업,1차 철강 제조업,"봉강,합금철,철근,마봉강,냉간압조용선재,주조,지선,주강,다이아몬드공구 제조,도매",2005-06-30,12월,"오순택, 오승민",http://www.dongil.co.kr,경상북도,2022-08-16,2425173.0,126160604696.0,10518475250.0,9985555018.0,10379363677.0,0.0,8.34,7.91,8.23,136651827082.0,13353925805.0,764011589.0,10528403196.0,0.0,9.77,0.56,7.7,17116.0,102497221653.0,5827328235.0,4178327673.0,7494714123.0,0.0,5.69,4.08,7.31,89351086926.0,1688219365.0,-1876940851.0,1924045898.0,0.0,1.89,-2.1,2.15,12360.0,464419157825.0,42048806893.0,22580276619.0,43781037304.0,18052.0,171505.0,165776.0,8.17,9.24,9.98,10.89,2.6499999999999995,7.88,23.08685314721152,
90,192650,KOSPI,드림텍,전자부품 제조업,"모바일 PBA, 지문인식 모듈, 전장 LED 모듈 등",2019-03-14,12월,"김형민, 박찬홍(각자대표)",http://www.idreamtech.co.kr,경기도,2022-08-16,67353731.0,442910115813.0,42565498509.0,13982401791.0,39906763296.0,39906763296.0,9.61,3.16,9.01,332119044613.0,17685356491.0,-12079728185.0,14449715889.0,13234438726.0,5.33,-3.64,4.35,2368.0,328639760810.0,26101520117.0,55646207704.0,26282403633.0,26225944340.0,7.94,16.93,8.0,278352752944.0,13371076468.0,-8422395218.0,7931797286.0,74547906014.0,4.8,-3.03,2.85,1560.0,1231623290602.0,96104848257.0,80725550825.0,79341007991.0,1177.0,6632.0,5771.0,18.3,10.82,35.7,20.41,1.669999999999999,0.5300000000000002,34.770702948832884,
91,24090,KOSPI,디씨엠,1차 철강 제조업,"PCM(칼라강판),라미네이트강판,산업용필름 제조,판매",1999-08-18,12월,정연택,http://www.dcmcorp.co.kr,경상남도,2022-08-16,11400434.0,76218368060.0,12492270385.0,10190882169.0,17641506537.0,17641506537.0,16.39,13.37,23.15,70999110927.0,8135711789.0,10806927082.0,15319760455.0,15319760455.0,11.46,15.22,21.58,6188.0,57917820549.0,5913434595.0,-1175437339.0,8986722235.0,8986722235.0,10.21,-2.03,15.52,44832539014.0,1991155543.0,-905138286.0,3569553795.0,34362677947.0,4.44,-2.02,7.96,3152.0,250829059873.0,34887867459.0,15806800753.0,50754929691.0,4452.0,22872.0,20661.0,21.21,17.69,27.05,21.55,6.18,7.0200000000000005,31.597438124449546,-99.10874836039655
92,7340,KOSPI,디티알오토모티브,일차전지 및 축전지 제조업,자동차용 밧데리,1988-09-24,12월,김상헌 김원종,http://www.x-probattery.co.kr,울산광역시,2022-08-16,9993656.0,626113983386.0,55125581838.0,32315388624.0,28276146124.0,0.0,8.8,5.16,4.52,234000551357.0,30395356935.0,150933024438.0,32632299314.0,0.0,12.99,64.5,13.95,11316.0,240747803215.0,22721344711.0,-4367657636.0,20601473585.0,0.0,9.44,-1.81,8.56,209212316783.0,20759867498.0,27163718033.0,7920342523.0,0.0,9.92,12.98,3.79,8244.0,930752730400.0,89645343410.0,40896236584.0,80831911389.0,8088.0,97568.0,71442.0,2.34,5.44,11.6,11.32,-0.6399999999999988,3.0700000000000003,160.0704866356967,
93,4000,KOSPI,롯데정밀화학,기초 화학물질 제조업,"염소·셀룰로스계열, 암모니아 계열, 전자재료 등 화학제품 제조",1976-04-15,12월,김용석,http://www.lottefinechem.com,울산광역시,2022-08-16,25798337.0,652348003050.0,110346564628.0,223252834426.0,29573277578.0,0.0,16.92,34.22,4.53,522558212712.0,84939517536.0,165496095241.0,225937440724.0,0.0,16.25,31.67,43.24,4584.0,343935896409.0,35519397622.0,42039561193.0,40493898353.0,0.0,10.33,12.22,11.77,303740508982.0,28461178115.0,33158286916.0,66606868596.0,0.0,9.37,10.92,21.93,6276.0,1780293056795.0,244513587616.0,308521791730.0,585458461667.0,22693.0,92917.0,85223.0,3.8,21.5,4.93,26.63,6.590000000000002,6.880000000000001,89.6713922161367,
94,268280,KOSPI,미원에스씨,기초 화학물질 제조업,에너지경화수지,2017-05-22,12월,"김형웅, 배원",http://www.miramer.co.kr,전라북도,2022-08-16,5099929.0,160510284378.0,21597251959.0,-4619208952.0,19286502256.0,0.0,13.46,-2.88,12.02,142430809431.0,20636560204.0,1041932950.0,15261082858.0,0.0,14.49,0.73,10.71,15124.0,116342375530.0,17858937227.0,5334054026.0,16628667975.0,0.0,15.35,4.58,14.29,98864747384.0,10916830145.0,15406003104.0,3678761409.0,0.0,11.04,15.58,3.72,13040.0,531343052748.0,95032118064.0,32444505602.0,79903361416.0,15667.0,69485.0,64024.0,15.5,18.24,21.77,24.47,-1.8899999999999988,3.450000000000001,37.96373303088597,
95,134380,KOSPI,미원화학,기타 화학제품 제조업,"계면활성제, 황산및분황",2011-02-15,12월,정규식,http://www.miwonchemicals.com,울산광역시,2022-08-12,2199233.0,57576432049.0,4392732448.0,22938209853.0,3851573227.0,0.0,7.63,39.84,6.69,54740568730.0,2838359293.0,-16409415392.0,2467869931.0,0.0,5.19,-29.98,4.51,7004.0,44324594758.0,3264513775.0,11909215613.0,2852845620.0,0.0,7.37,26.87,6.44,38754386971.0,1637379074.0,2580427103.0,1358346469.0,0.0,4.23,6.66,3.51,5188.0,197470077504.0,12772108235.0,9379772810.0,11350187321.0,5160.0,56352.0,54543.0,10.84,8.48,12.43,9.46,0.2599999999999998,0.96,29.897255380114263,
96,3650,KOSPI,미창석유,석유 정제품 제조업,"윤활유,고무배합유,전기절연유 제조,판매,수출입",1989-09-27,12월,유재순,http://www.michang.co.kr,부산광역시,2022-08-12,1739709.0,102503179947.0,11799101548.0,10357056597.0,7562479890.0,0.0,11.51,10.1,7.38,112926452869.0,11319011709.0,12994870032.0,9591525770.0,0.0,10.02,11.51,8.49,17384.0,90783857119.0,6314765102.0,-4869264154.0,6326881150.0,0.0,6.96,-5.36,6.97,76025846526.0,3644812310.0,10345787408.0,4313083901.0,0.0,4.79,13.61,5.67,14544.0,406292672739.0,35450218335.0,15235779430.0,33138620865.0,19048.0,180274.0,173581.0,8.15,9.53,9.64,10.97,4.55,5.2299999999999995,12.909038236432547,
97,1340,KOSPI,백광산업,기초 화학물질 제조업,"가성소다,합성염산 제조,판매",1976-06-10,12월,김성훈,http://www.pkic.co.kr,전라북도,2022-08-12,44151807.0,54362623785.0,8076419183.0,3730143016.0,7042402581.0,7042402581.0,14.86,6.86,12.95,51596804210.0,4739825181.0,14337944093.0,4726257829.0,4726257829.0,9.19,27.79,9.16,636.0,46396524104.0,4447914331.0,1784811105.0,3462045734.0,3462045734.0,9.59,3.85,7.46,42886409500.0,1916879941.0,11022544812.0,2846792976.0,7597200179.0,4.47,25.7,6.64,312.0,191117728512.0,17929801315.0,36597135742.0,14896324686.0,337.0,4499.0,4292.0,7.23,4.15,14.13,7.86,5.27,4.72,17.16960447973131,-66.99409937566368
98,2760,KOSPI,보락,기타 화학제품 제조업,"식품향료,식품첨가물,화학제품,껌베이스(자일리톨,에리스리톨),담배향료 제조,판매",1989-11-30,12월,정기련,http://www.bolak.co.kr,경기도,2022-08-12,59900059.0,10923950693.0,528849490.0,24266303.0,424446469.0,0.0,4.84,0.22,3.89,11064064943.0,209979126.0,923533464.0,229167445.0,0.0,1.9,8.35,2.07,28.0,8361544805.0,121645263.0,-569289752.0,136480329.0,0.0,1.45,-6.81,1.63,9643608702.0,74649752.0,2004965803.0,132355402.0,0.0,0.77,20.79,1.37,8.0,39763912508.0,1692124112.0,1177596809.0,1694987553.0,28.0,763.0,760.0,2.9,3.01,3.67,3.72,3.3899999999999997,1.13,30.64512536568295,
99,28260,KOSPI,삼성물산,기타 전문 도매업,"도소매, 건설, 남자용 정장 제조업 등",2014-12-18,12월,"고정석, 오세철, 한승환",http://www.samsungcnt.com,서울특별시,2022-08-16,186620000.0,10439688657498.0,541607110247.0,-254628618788.0,561420734024.0,0.0,5.19,-2.44,5.38,9764932550422.0,327200234009.0,101401115521.0,212678782737.0,0.0,3.35,1.04,2.18,12032.0,7839586453789.0,302581601206.0,-57546381561.0,871066928467.0,0.0,3.86,-0.73,11.11,8182348110060.0,256389484766.0,724301778792.0,234437628427.0,0.0,3.13,8.85,2.87,18668.0,34455181882704.0,1195982736408.0,1195731728299.0,1635045565167.0,8761.0,168511.0,178718.0,4.12,2.96,7.14,4.9,1.3300000000000005,0.2200000000000002,33.166318389821804,
100,207940,KOSPI,삼성바이오로직스,기초 의약물질 및 생물학적 제제 제조업,바이오의약품,2016-11-10,12월,임존종보 (Rim John Chongbo),http://www.samsungbiologics.com,인천광역시,2022-08-16,73704285.0,511303826776.0,176416807153.0,212955175510.0,146942732022.0,0.0,34.5,41.65,28.74,444313685644.0,128842730424.0,114469129963.0,79317937814.0,0.0,29.0,25.76,17.85,7972.0,260797315576.0,74295866136.0,-72492268938.0,60975536258.0,0.0,28.49,-27.8,23.38,375306554056.0,92576031108.0,-142631708706.0,96221726169.0,0.0,24.67,-38.0,25.64,3308.0,1568006928039.0,537309408072.0,454596217269.0,393589467655.0,5340.0,59696.0,67717.0,7.02,4.94,13.35,7.89,6.010000000000002,4.329999999999998,96.05409881107418,
101,28050,KOSPI,삼성엔지니어링,"건축기술, 엔지니어링 및 관련 기술 서비스업","산업설비,건물,구축물,토목시설의 설계,시공,공사감리",1996-12-24,12월,최성안,http://www.samsungengineering.co.kr,서울특별시,2022-08-16,189946428.0,2163375066043.0,174392652928.0,-98198227476.0,114480863151.0,0.0,8.06,-4.54,5.29,2513497081661.0,106734785544.0,251303396431.0,63023701175.0,0.0,4.25,10.0,2.51,2408.0,1530779945765.0,107280241182.0,692849660130.0,108093546120.0,0.0,7.01,45.26,7.06,1855172744952.0,79682934935.0,271828291115.0,37184541144.0,0.0,4.3,14.65,2.0,2276.0,7486696121177.0,503288807347.0,739825439031.0,372366098361.0,1960.0,11284.0,10321.0,6.97,6.15,21.34,18.99,1.0500000000000007,-0.04999999999999982,41.32502010025116,2246.7442596094807
102,6110,KOSPI,삼아알미늄,1차 비철금속 제조업,"알루미늄박지,은박지,은박가공품,알페이스트 제조,도매,수출",1980-12-05,12월,"한남희,하상용",http://www.sama-al.com,경기도,2022-08-16,10999818.0,76306670745.0,4328537422.0,-15592015571.0,3354368283.0,0.0,5.67,-20.43,4.4,70578889673.0,3624441623.0,3384812500.0,2495876237.0,0.0,5.14,4.8,3.54,1216.0,60587819752.0,2754388529.0,5357286195.0,2413819232.0,0.0,4.55,8.84,3.98,53375967677.0,2280255316.0,1243573835.0,533846347.0,0.0,4.27,2.33,1.0,876.0,252965524544.0,15447143092.0,15829600786.0,12153040066.0,1104.0,11480.0,11093.0,5.17,5.35,10.59,9.96,1.12,0.8700000000000001,25.943912583982893,
103,3230,KOSPI,삼양식품,기타 식품 제조업,"라면,스낵,유제품,장유,식용유,사료,향신료,건강음료(루이보스 티) 제조,도매",1975-06-30,12월,"김정수, 장재성",http://www.samyangfoods.com,서울특별시,2022-08-12,7533714.0,202168672983.0,24504783894.0,17136804520.0,19057799042.0,0.0,12.12,8.48,9.43,192789047859.0,21570290889.0,18828895352.0,17777058794.0,0.0,11.19,9.77,9.22,10116.0,140005906880.0,14357546242.0,8846701622.0,13052613386.0,0.0,10.25,6.32,9.32,150960349682.0,15806437936.0,8696480288.0,4888969001.0,0.0,10.47,5.76,3.24,6928.0,642030314159.0,65363413971.0,58357507370.0,56348004306.0,7479.0,55771.0,52522.0,8.71,7.48,18.14,14.24,1.8699999999999992,0.7199999999999989,44.4001024587342,
104,4430,KOSPI,송원산업,기타 화학제품 제조업,"폴리머첨가제(PVC안정제,산화방지제),폴리우레탄수지,프라스틱첨가제 제조",1977-06-25,12월,김충식 대표이사,http://www.songwon.com,울산광역시,2022-08-12,24000258.0,338433000000.0,57195000000.0,-22882000000.0,43427000000.0,0.0,16.9,-6.76,12.83,283475000000.0,36584000000.0,2602000000.0,26100000000.0,0.0,12.91,0.92,9.21,7236.0,222487000000.0,17343000000.0,-11103000000.0,10001000000.0,0.0,7.8,-4.99,4.5,203843000000.0,17955000000.0,15970000000.0,2791000000.0,0.0,8.81,7.83,1.37,1664.0,998190000000.0,105714000000.0,-18297000000.0,72273000000.0,3011.0,25693.0,22635.0,13.75,6.48,28.16,13.3,9.099999999999998,4.1,52.11360663769119,749.5484103533039
105,17550,KOSPI,수산중공업,특수 목적용 기계 제조업,"유압브레이커,트럭크레인,플라즈마 파암장비,특장차,산업기계,건설기계 제조,도매",1991-08-30,12월,"김병현, 정석현(각자 대표이사)",http://www.soosan.co.kr,경기도,2022-08-16,53982236.0,67912875146.0,2836137768.0,-8035650016.0,1791051645.0,0.0,4.18,-11.83,2.64,87559188200.0,5667254977.0,23187580112.0,4465298116.0,0.0,6.47,26.48,5.1,132.0,42897639468.0,1411185274.0,-11943137508.0,1667597982.0,0.0,3.29,-27.84,3.89,37417077308.0,763536339.0,2312873385.0,1229724882.0,0.0,2.04,6.18,3.29,120.0,252992405856.0,14273592746.0,-467360959.0,11393232917.0,211.0,2378.0,2260.0,3.08,4.83,5.55,9.33,0.8899999999999997,4.43,58.313781336757266,
106,4170,KOSPI,신세계,종합 소매업,"백화점,할인점(E마트)",1985-08-19,12월,손영식,http://www.shinsegae.com,서울특별시,2022-08-16,9846810.0,1766529702562.0,163644024030.0,146481173002.0,121025496968.0,0.0,9.26,8.29,6.85,1934004524407.0,195184669451.0,307970722044.0,57183199510.0,0.0,10.09,15.92,2.96,49160.0,1319968151418.0,123582462439.0,284312373121.0,69982083542.0,0.0,9.36,21.54,5.3,1343607278494.0,103167140553.0,262890293299.0,12228124385.0,0.0,7.68,19.57,0.91,28428.0,6316435934254.0,517400647833.0,1104485593489.0,306827154501.0,31160.0,602905.0,585209.0,3.46,2.25,8.15,5.32,-0.09999999999999964,2.41,33.831236811605876,
107,10780,KOSPI,아이에스동서,"내화, 비내화 요업제품 제조업","타일,위생도기,콘크리트파일,P.C관,침목 제조,도매",1986-01-27,12월,"허석헌, 정원호, 김갑진(각자 대표이사)",http://www.isdongseo.co.kr,서울특별시,2022-08-16,30894384.0,589898548325.0,111697236169.0,142472347491.0,79166864100.0,0.0,18.93,24.15,13.42,645383360400.0,166501555439.0,119154068786.0,64050120062.0,0.0,25.8,18.46,9.92,10248.0,310227453764.0,40300810573.0,-55706521707.0,11937952126.0,0.0,12.99,-17.96,3.85,338254292082.0,52438901559.0,3582629121.0,13032116945.0,0.0,15.5,1.06,3.85,1544.0,1608440924896.0,310765130275.0,224248467500.0,104971578755.0,3397.0,49953.0,47156.0,9.1,2.99,20.52,7.21,5.9399999999999995,10.3,90.15033684728458,391.45030152030864
108,5820,KOSPI,원림,직물직조 및 직물제품 제조업,"고무,플라스틱제품,산업용포장재,PP.BAG,타포린 제조,도매/부동산 임대/주택 신축,판매/인터넷 정보통신/벤처회사 투자",1990-04-20,12월,신성엽,http://www.wonlim.co.kr,서울특별시,2022-08-16,2297909.0,23263079219.0,2195933732.0,2756627553.0,2831555733.0,0.0,9.44,11.85,12.17,22508031617.0,2894772948.0,911015066.0,1621991394.0,0.0,12.86,4.05,7.21,4928.0,18060413383.0,950846178.0,-3017132199.0,227839402.0,0.0,5.26,-16.71,1.26,19943347889.0,1849619119.0,3772438110.0,1251210739.0,0.0,9.27,18.92,6.27,396.0,79683129520.0,3192709036.0,-2213328373.0,1409392707.0,613.0,61100.0,58940.0,6.47,0.83,8.07,1.04,4.18,3.59,28.807014134555704,
109,77500,KOSPI,유니퀘스트,기계장비 및 관련 물품 도매업,"반도체직접회로 도매,무역,제조",2004-08-05,12월,앤드류김,http://www.uniquest.co.kr,경기도,2022-08-16,27347034.0,166463064587.0,10799274321.0,-7682994409.0,21798104032.0,0.0,6.49,-4.62,13.09,151460744943.0,5697577992.0,-15133898951.0,26592254096.0,60395383783.0,3.76,-9.99,17.56,3188.0,139006930031.0,5757614533.0,8968854805.0,11334045072.0,0.0,4.14,6.45,8.15,115520508549.0,2861129401.0,8758555772.0,13829916840.0,60395383783.0,2.48,7.58,11.97,1656.0,590983230900.0,24548653862.0,9789178606.0,62562127147.0,2287.0,12791.0,11281.0,16.07,12.76,24.92,20.28,2.3500000000000005,1.2799999999999998,19.7516300445431,
110,13360,KOSPI,일성건설,토목 건설업,"건축공사,토목공사,전기공사",1989-12-02,12월,유필상,http://www.ilsungconst.co.kr,인천광역시,2022-08-12,54028314.0,103350403087.0,4304807930.0,-6526505473.0,2831881501.0,0.0,4.17,-6.31,2.74,127273918470.0,5400267150.0,21309469062.0,239372881.0,0.0,4.24,16.74,0.19,208.0,87770608702.0,1384633716.0,-1540195583.0,818567730.0,0.0,1.58,-1.75,0.93,99936066212.0,4172792225.0,33333161147.0,279033703.0,0.0,4.18,33.35,0.28,60.0,416181928384.0,10807385076.0,12570534251.0,5660650837.0,104.0,2161.0,2023.0,2.98,1.49,9.62,5.18,2.59,0.0600000000000005,17.750582587272167,
111,3200,KOSPI,일신방직,방적 및 가공사 제조업,"면사,P/C혼방사,P/C혼방직물,화섬사 제조,수출",1973-05-23,12월,김정수,http://www.ilshin.co.kr,서울특별시,2022-08-16,2399886.0,166975303516.0,17727055904.0,-3005987401.0,14753212158.0,14962643242.0,10.62,-1.8,8.84,179316119576.0,22250187637.0,16475783574.0,19463231527.0,20159438502.0,12.41,9.19,10.85,24588.0,137861372787.0,11227071396.0,-4682262161.0,11215703375.0,11435623772.0,8.14,-3.4,8.14,135491510081.0,9633313053.0,29519928958.0,8334435163.0,62224669108.0,7.11,21.79,6.15,18692.0,601028587672.0,60970489628.0,21177392499.0,62857534973.0,26191.0,343232.0,330971.0,5.58,6.02,7.16,7.91,2.4799999999999986,5.3,21.118265501375724,
112,13870,KOSPI,지엠비코리아,자동차 신품 부품 제조업,"VS, TIB, CVJoint 등",2012-11-20,12월,"정세영, 변종문",http://www.gmb.co.kr,경상남도,2022-08-16,19071253.0,146089209558.0,4138969249.0,6591593457.0,3117267851.0,0.0,2.83,4.51,2.13,145565087201.0,6443924369.0,-1885285405.0,5846984732.0,0.0,4.43,-1.3,4.02,652.0,130322020983.0,1047783781.0,20698380.0,1538846467.0,0.0,0.8,0.02,1.18,130917446802.0,1952992931.0,1804564762.0,2150439504.0,0.0,1.49,1.38,1.64,320.0,531332180542.0,8377508126.0,4834024489.0,9753828529.0,511.0,13809.0,13040.0,2.18,1.87,4.72,3.92,2.0300000000000002,2.9399999999999995,12.098637249538026,
113,10640,KOSPI,진양폴리,플라스틱제품 제조업,"폴리우레탄,폴리우레탄스폰지 제조,판매",1989-09-30,12월,"김상용,조영태(각자대표이사)",http://www.chinyangpoly.kr,경기도,2022-08-16,9999768.0,13948853236.0,1252430220.0,1544090668.0,902355132.0,0.0,8.98,11.07,6.47,15781461714.0,1811031743.0,86788625.0,1514881031.0,0.0,11.48,0.55,9.6,360.0,11028007924.0,376290731.0,186466827.0,222779952.0,0.0,3.41,1.69,2.02,9230781897.0,235128693.0,454631722.0,49841629.0,0.0,2.55,4.93,0.54,88.0,53069415717.0,4715418691.0,4160884188.0,3802118983.0,380.0,3039.0,2947.0,6.98,7.91,11.84,12.9,5.57,8.93,26.48570197019383,
114,2780,KOSPI,진흥기업,토목 건설업,"아파트건설,토목공사,건축공사,국내도급공사",1977-06-25,12월,박상신,http://www.chinhung.co.kr,인천광역시,2022-08-11,146630691.0,120424090790.0,12937951125.0,7677852985.0,10490169013.0,0.0,10.74,6.38,8.71,154159858447.0,8988255288.0,22617562094.0,13220734385.0,0.0,5.83,14.67,8.58,284.0,79607104967.0,8942001221.0,9381870187.0,9263491656.0,0.0,11.23,11.79,11.64,109451367257.0,4859125927.0,10474664826.0,12054368176.0,0.0,4.44,9.57,11.01,252.0,444244783883.0,43348738057.0,51376717919.0,53413211910.0,364.0,1318.0,1165.0,10.9,15.96,21.54,31.24,-0.4900000000000002,1.3899999999999997,51.27304383185408,91.07102893225664
115,14580,KOSPI,태경비케이,"시멘트, 석회, 플라스터 및 그 제품 제조업","생석회,소석회,석회비료 제조,판매/비금속광물 광업/산업폐기물 재생처리/휴게소 운영",1991-03-07,12월,"김민정,정구일 (각자 대표이사)",http://www.bkmp.co.kr,서울특별시,2022-08-16,27584948.0,70298941934.0,7377180678.0,1307244455.0,5378874215.0,0.0,10.49,1.86,7.65,52964725102.0,3985070961.0,4500374869.0,847028075.0,0.0,7.52,8.5,1.6,776.0,43596662465.0,4748002637.0,6634230348.0,3200186171.0,0.0,10.89,15.22,7.34,41151176499.0,3238310047.0,5841532434.0,1527262513.0,0.0,7.87,14.2,3.71,464.0,195157043546.0,19603002069.0,35575130043.0,9330420355.0,338.0,9171.0,8513.0,5.81,2.81,8.46,3.97,-0.40000000000000036,-0.35000000000000053,61.2484487555371,
116,15890,KOSPI,태경산업,기초 화학물질 제조업,"제강용 정련제(프락스),카바이드,중질탈산칼슘 제조,판매/고속도로휴게소 운영",1996-01-30,12월,"김해련, 김민정, 김병식 (각자 대표이사)",http://www.taekyung.co.kr,서울특별시,2022-08-16,29232506.0,161376824747.0,12966177353.0,-6019503669.0,5550779191.0,0.0,8.03,-3.73,3.44,144422111013.0,13476625689.0,9448410680.0,6273110073.0,0.0,9.33,6.54,4.34,756.0,112102618035.0,6299547903.0,6291489584.0,2030365981.0,0.0,5.62,5.61,1.81,110391646642.0,5715158136.0,8960279370.0,2471856297.0,0.0,5.18,8.12,2.24,276.0,516770864906.0,40591835560.0,61684300404.0,18030899161.0,616.0,14003.0,13186.0,3.53,3.08,5.4,4.68,2.4099999999999993,4.15,43.95455483173096,
117,55490,KOSPI,테이팩스,플라스틱제품 제조업,"OCA, 2차전지용 테이프, 산업용 랩 등",2017-10-31,12월,김상구,http://tapex.co.kr,경기도,2022-08-16,4718118.0,46445598719.0,7149281732.0,-44559469.0,5707753789.0,0.0,15.39,-0.1,12.29,44474265187.0,4905296017.0,8633115259.0,4063875548.0,0.0,11.03,19.41,9.14,4836.0,33336970689.0,4639039291.0,46246030.0,4457507665.0,0.0,13.92,0.14,13.37,32019725373.0,2902672248.0,3489857261.0,2444274454.0,0.0,9.07,10.9,7.63,3776.0,154922980346.0,21254329685.0,12066354595.0,18911148514.0,4008.0,29266.0,27830.0,11.79,10.46,16.52,14.4,1.4700000000000006,1.959999999999999,39.32159329139458,
118,58430,KOSPI,포스코강판,1차 철강 제조업,"용융아연도금강판,용융알루미늄도금강판,칼라도장강판,냉연강판 가공,제조,도매",2002-08-16,12월,윤양수,http://www.poscocnc.com,경상북도,2022-08-12,5999475.0,337120080709.0,27241968471.0,34283723259.0,20095027245.0,0.0,8.08,10.17,5.96,363450253626.0,29647474635.0,-15762326735.0,14179902662.0,0.0,8.16,-4.34,3.9,13396.0,253050797043.0,14365914434.0,19749021703.0,10465208636.0,0.0,5.68,7.8,4.14,242753993683.0,4679270693.0,27619207407.0,633716427.0,0.0,1.93,11.38,0.26,6976.0,1347273538725.0,143278889763.0,40796417532.0,102417243211.0,17071.0,57598.0,53741.0,13.85,17.46,23.26,31.76,2.4000000000000004,6.23,33.22229554239041,
119,47050,KOSPI,포스코인터내셔널,상품 중개업,"무역(철강,화학,자동차부품),수출주선,대행,알선,가공원단,폴리우레탄,자동차시트 제조",2001-03-23,12월,대표이사 사장 주시보,http://www.poscointl.com,서울특별시,2022-08-16,123387798.0,9912253023000.0,216047156000.0,-707250228000.0,160509516000.0,0.0,2.18,-7.14,1.62,9185897587000.0,139971950000.0,757914237000.0,73353436000.0,0.0,1.52,8.25,0.8,5200.0,7087036467000.0,126902597000.0,-700072920000.0,92744881000.0,0.0,1.79,-9.88,1.31,5641314947000.0,87253926000.0,337931501000.0,17822184000.0,0.0,1.55,5.99,0.32,3004.0,33948864785000.0,585385807000.0,-509688025000.0,360789119000.0,2924.0,32829.0,28464.0,5.09,3.35,15.84,10.27,0.3900000000000001,-0.030000000000000027,39.864569191301726,
120,352820,KOSPI,하이브,오디오물 출판 및 원판 녹음업,"음악 기획/제작, 퍼블리싱, 아티스트 매니지먼트",2020-10-15,12월,박지원,http://www.bighitcorp.com,서울특별시,2022-08-12,41353151.0,284973925000.0,37066809000.0,48411343000.0,30658508000.0,0.0,13.01,16.99,10.76,457945684000.0,73829964000.0,73182995000.0,53622412000.0,0.0,16.12,15.98,11.71,2964.0,178333528000.0,22770442000.0,13998976000.0,17243678000.0,0.0,12.77,7.85,9.67,310661467000.0,53983874000.0,56932903000.0,26103891000.0,0.0,17.38,18.33,8.4,1664.0,1255926483000.0,190247657000.0,177258248000.0,140834607000.0,3405.0,95713.0,69803.0,1.97,2.98,3.1,4.88,0.2400000000000002,-1.259999999999998,59.798288182803184,
121,20000,KOSPI,한섬,봉제의복 제조업,"여성의류,금속 액세서리,신발,가방,선글라스 제조,판매",1996-07-03,12월,김민덕,http://www.handsome.co.kr,서울특별시,2022-08-16,24632687.0,391472608138.0,59122601871.0,15323478447.0,43164526340.0,42757817296.0,15.1,3.91,11.03,445017037253.0,51701426697.0,117469335876.0,38540519801.0,37682273950.0,11.62,26.4,8.66,7008.0,333333804831.0,45220702993.0,26392645242.0,32630899927.0,32526216585.0,13.57,7.92,9.79,386584471970.0,36096339889.0,125059374749.0,31153018288.0,57737752698.0,9.34,32.35,8.06,5296.0,1387401660671.0,152192853992.0,172103397188.0,114558159104.0,4650.0,53530.0,50356.0,10.31,7.36,13.09,9.24,1.5299999999999994,2.2799999999999994,17.441616321055804,
122,105630,KOSPI,한세실업,봉제의복 제조업,의류 완제품,2009-03-20,12월,"김익환, 조희선",http://www.hansae.com,서울특별시,2022-08-12,39996646.0,581228900245.0,48983021934.0,54911250052.0,31359508072.0,0.0,8.43,9.45,5.4,468840154859.0,28483253576.0,-87906075172.0,18163453928.0,18163453928.0,6.08,-18.75,3.87,3136.0,375624791561.0,29482956302.0,687670187.0,21576714225.0,0.0,7.85,0.18,5.74,368656257938.0,142880671.0,49265424969.0,28285594.0,26935061471.0,0.04,13.36,0.01,2156.0,1671997051772.0,106694162989.0,-153900419987.0,67340655868.0,1683.0,12371.0,11611.0,9.44,5.54,25.35,14.5,0.5800000000000001,6.04,54.73656513180673,
123,16450,KOSPI,한세예스24홀딩스,봉제의복 제조업,"의류(니트) 제조,도소매,원단 제조,부동산 임대",2000-01-06,12월,"김동녕, 김석환(각자 대표이사)",http://www.hansaeyes24.com,서울특별시,2022-08-16,39999790.0,872707682084.0,56529744122.0,58333630680.0,26458240601.0,35410052166.0,6.48,6.68,3.03,786733853616.0,39083315068.0,-42925518145.0,3016451164.0,762368976.0,4.97,-5.46,0.38,2644.0,680619354072.0,44136313369.0,29204678266.0,18767829811.0,33995556381.0,6.48,4.29,2.76,682681354095.0,8677420028.0,89177789810.0,33187199498.0,39226282131.0,1.27,13.06,4.86,1876.0,2798895736344.0,134681974504.0,-67749929664.0,40290353809.0,1007.0,22260.0,23733.0,4.69,1.8,11.88,4.24,0.0,3.6999999999999997,28.2225779891178,
124,195870,KOSPI,해성디에스,전자부품 제조업,반도체 패키지용 Substrate,2016-06-24,12월,조병학,http://www.haesungds.com,경상남도,2022-08-16,16995841.0,199624482801.0,48338090920.0,28726900067.0,39765400258.0,0.0,24.21,14.39,19.92,187522174958.0,29914918871.0,36428279798.0,24323110851.0,0.0,15.95,19.43,12.97,9356.0,137478338064.0,10164555728.0,-8469241967.0,9312023720.0,0.0,7.39,-6.16,6.77,113450090185.0,6073610468.0,-10877261527.0,2240029192.0,0.0,5.35,-9.59,1.97,2188.0,655373012865.0,86329952850.0,57112624480.0,71261704522.0,4192.0,20315.0,17316.0,30.04,15.0,46.05,24.21,16.82,10.6,45.204317721726625,
125,69960,KOSPI,현대백화점,종합 소매업,백화점,2002-11-25,12월,"정지선, 장호진, 김형종 (각자대표)",http://home.e-hyundai.com,서울특별시,2022-08-16,23401299.0,934385942000.0,88871928000.0,96414413000.0,62475580000.0,0.0,9.51,10.32,6.69,1100637228000.0,94174330000.0,63561839000.0,51912664000.0,0.0,8.56,5.78,4.72,10676.0,683225361000.0,64995532000.0,186424530000.0,43368549000.0,0.0,9.51,27.29,6.35,644631717000.0,68129150000.0,81316143000.0,17242681000.0,0.0,10.57,12.61,2.67,7412.0,3572433182000.0,264365188000.0,500164435000.0,189377183000.0,8092.0,228759.0,223305.0,2.81,2.11,4.67,3.62,0.0,-2.01,36.76101552090951,
126,4560,KOSPI,현대비앤지스틸,1차 철강 제조업,"스텐레스냉연강판,특수강 제조",1987-03-24,12월,- 정일선,http://www.hyundai-bngsteel.com,경상남도,2022-08-12,15078119.0,344040014758.0,32101140669.0,-83846199513.0,21816882944.0,0.0,9.33,-24.37,6.34,223439853101.0,21580575205.0,-35297675774.0,14878302963.0,0.0,9.66,-15.8,6.66,5784.0,195157184070.0,22350064012.0,-2712432582.0,17324655760.0,0.0,11.45,-1.39,8.88,176266321793.0,12909004549.0,-27652447199.0,9236593724.0,0.0,7.32,-15.69,5.24,4592.0,855704014920.0,89655269568.0,18435993133.0,69792443898.0,4628.0,35440.0,33010.0,9.46,9.08,16.32,14.02,-2.119999999999999,2.34,76.2886754066906,
127,11760,KOSPI,현대코퍼레이션,상품 종합 도매업,"자동차,철강,기계,선박,플랜트,컴퓨터,전자제품 수출,수출입대행/자원(탄광,유전) 개발",1977-12-01,12월,"정몽혁, 김원갑, 장안석(각자대표이사)",http://www.hyundaicorp.co.kr,서울특별시,2022-08-12,13227482.0,1278189697962.0,14541452250.0,45441488696.0,24339580804.0,0.0,1.14,3.56,1.9,1176406138518.0,10560351799.0,-158477171483.0,10480401450.0,0.0,0.9,-13.47,0.89,7360.0,752299953135.0,7000074047.0,-63725445641.0,11731041079.0,0.0,0.93,-8.47,1.56,651073497035.0,6311480766.0,86431760363.0,22314844545.0,0.0,0.97,13.28,3.43,3544.0,3782497523034.0,35069901698.0,-344791605437.0,37789612149.0,2856.0,30174.0,27430.0,5.07,2.21,24.39,10.42,0.20999999999999985,-0.06999999999999995,69.90426393561522,2499.3439814089315
128,2460,KOSPI,화성산업,건물 건설업,아파트 건설,1988-09-29,12월,"이홍중,이종원",http://www.hwasung.com,대구광역시,2022-08-16,12450191.0,124370441227.0,6674118532.0,-43729429371.0,9692255236.0,0.0,5.37,-35.16,7.79,151301064702.0,18055901148.0,60251128949.0,12880276691.0,0.0,11.93,39.82,8.51,3112.0,67358741991.0,2565277143.0,-16273491181.0,4928523687.0,0.0,3.81,-24.16,7.32,68230471230.0,2925104665.0,18612651125.0,168999265.0,0.0,4.29,27.28,0.25,1580.0,422231395444.0,28631156224.0,-14507871895.0,29873981377.0,2399.0,33476.0,33491.0,4.62,3.7,9.3,7.16,1.56,7.64,84.63890142665892,
129,32560,KOSPI,황금에스티,1차 비철금속 제조업,"스테인레스 냉연, 열연",2009-10-29,12월,김종현,http://www.hwangkum.com,경기도,2022-08-16,17001733.0,83170129642.0,15553378801.0,201225957.0,10575772219.0,0.0,18.7,0.24,12.72,83563718444.0,12346920837.0,21014184736.0,10099492078.0,0.0,14.78,25.15,12.09,2488.0,54947738278.0,8051136390.0,9716641538.0,5162109127.0,0.0,14.65,17.68,9.39,62820321766.0,7981552147.0,-6729814188.0,6147809906.0,0.0,12.71,-10.71,9.79,1212.0,270982293281.0,41155778151.0,70118476721.0,29834488216.0,1754.0,20313.0,19557.0,9.47,6.91,12.25,8.97,4.049999999999999,2.0699999999999985,51.36224392205728,
130,298050,KOSPI,효성첨단소재,화학섬유 제조업,PET타이어코드,2018-07-13,12월,이건종,http://www.hyosungadvancedmaterials.com,서울특별시,2022-08-11,4479576.0,1003317496715.0,101649691757.0,102132896644.0,56073797047.0,0.0,10.13,10.18,5.59,988826294227.0,96258168647.0,77184922474.0,57801344242.0,0.0,9.73,7.81,5.85,50068.0,769465160344.0,83393035365.0,47517859013.0,42250745484.0,0.0,10.84,6.18,5.49,692395406607.0,36664129404.0,62659071213.0,21828745645.0,0.0,5.3,9.05,3.15,37724.0,3597777100369.0,437309926236.0,234660490131.0,250696944978.0,55964.0,169576.0,161084.0,7.3,8.62,29.53,34.74,-0.7099999999999991,4.430000000000001,30.391543168303176,
131,5010,KOSPI,휴스틸,1차 철강 제조업,"강관(배관용,구조용,유정용) 제조,도매",1973-06-29,12월,박훈,http://www.husteel.com,서울특별시,2022-08-12,39188500.0,197344884585.0,26634307763.0,7041068862.0,17260072686.0,0.0,13.5,3.57,8.75,194017482891.0,33139947771.0,-9319967944.0,10178297071.0,0.0,17.08,-4.8,5.25,1760.0,107244826402.0,628622485.0,10082264811.0,2308783128.0,0.0,0.59,9.4,2.15,92592071997.0,21219197616.0,-8924942553.0,12334514036.0,0.0,22.92,-9.64,13.32,232.0,616505522303.0,63214154152.0,2864026520.0,37987133196.0,969.0,20730.0,15984.0,5.69,3.99,8.49,6.06,12.91,-5.840000000000003,84.0134309558822,
132,95570,KOSPI,AJ네트웍스,산업용 기계 및 장비 임대업,"렌탈(파렛트, OA장비, 건설장비)",2015-08-21,12월,박대현,http://www.ajnet.co.kr,서울특별시,2022-08-12,46821382.0,295803640038.0,19242745659.0,2986064682.0,10854923388.0,0.0,6.51,1.01,3.67,231171942223.0,15256320579.0,-5686381096.0,441362225.0,0.0,6.6,-2.46,0.19,924.0,240931609871.0,3854976431.0,-4407379720.0,4779675291.0,0.0,1.6,-1.83,1.98,177672260254.0,-2483940918.0,42204489753.0,-781129047.0,0.0,-1.4,23.75,-0.44,408.0,1026749457003.0,45109542821.0,-11318072318.0,76737133075.0,1638.0,7709.0,7742.0,3.17,5.66,11.99,21.17,4.91,8.0,22.77494023983805,
133,990,KOSPI,DB하이텍,반도체 제조업,반도체 제조,1975-12-12,12월,최창식,http://www.dbhitek.co.kr,경기도,2022-08-12,44408178.0,395024842725.0,181544900393.0,93254113025.0,158684674713.0,158684674713.0,45.96,23.61,40.17,367855453111.0,138146823747.0,169150979699.0,117372295503.0,117372295503.0,37.55,45.98,31.91,14292.0,243736208590.0,60590744587.0,50998531347.0,47810548964.0,47810548964.0,24.86,20.92,19.62,227818846946.0,30403226651.0,95699925876.0,13565936085.0,164432197016.0,13.35,42.01,5.95,4304.0,1214682040178.0,399106778303.0,393129114790.0,316891852008.0,7135.0,30865.0,24906.0,33.88,20.45,46.3,28.65,21.1,24.199999999999996,62.070643918766145,
134,69730,KOSPI,DSR제강,1차 철강 제조업,"와이어로프,각종 경강선,철선제품,PC강선,아연도 강연선 제조",2003-01-28,12월,홍하종,http://www.dsrcorp.com,전라남도,2022-08-12,14399088.0,60917992263.0,7093751065.0,1414302842.0,8370316388.0,0.0,11.64,2.32,13.74,60990582951.0,4502295686.0,-3800317480.0,3695646284.0,0.0,7.38,-6.23,6.06,2324.0,45845471055.0,-437543835.0,513633277.0,1351759937.0,0.0,-0.95,1.12,2.95,45398416265.0,-18968562.0,6185101323.0,11455042.0,0.0,-0.04,13.62,0.03,372.0,207142759596.0,4291637467.0,-13140394540.0,7620490221.0,529.0,11449.0,10683.0,13.05,3.15,20.3,4.95,12.59,7.42,32.8767942855637,
135,7700,KOSPI,F&F홀딩스,기타 금융업,"스포츠웨어(골프웨어) 제조/도서출판(단행본,유아/아동전집류(아인슈타인시리즈),잡지)/이천고속도로휴게소/문구사무용품,수입의류 판매,소매",1984-10-04,12월,박의헌,http://www.fnfholdings.com,서울특별시,2022-08-16,39113363.0,438218951041.0,136578277681.0,124396487465.0,28170737144.0,95169185323.0,31.17,28.39,6.43,565069842756.0,173484001819.0,182059076555.0,40920338768.0,123963100976.0,30.7,32.22,7.24,2880.0,8011589603.0,1390583663.0,84249778243.0,56511719844.0,2088643476.0,17.36,1051.6,705.37,5903880644.0,-1109310990.0,121898661910.0,49195255143.0,168480087893.0,-18.79,2064.72,833.27,5776.0,727126345365.0,223050455460.0,279947856820.0,1912061597858.0,48885.0,64050.0,59169.0,3.72,65.65,4.5,82.62,13.810000000000002,49.489999999999995,5369.812768204023,
136,11200,KOSPI,HMM,해상 운송업,"정기,부정기,전용선,콘테이너선,자동차선,LNG선 해운",1995-10-05,12월,배재훈,http://www.hmm21.com,서울특별시,2022-08-10,489121783.0,4918670000000.0,3148609000000.0,3185430000000.0,3131708000000.0,0.0,64.01,64.76,63.67,4443041000000.0,2698529000000.0,2739542000000.0,2672685000000.0,0.0,60.74,61.66,60.15,25608.0,2428039000000.0,1019289000000.0,1113921000000.0,154072000000.0,0.0,41.98,45.88,6.35,2006532000000.0,567015000000.0,605636000000.0,136794000000.0,0.0,28.26,30.18,6.82,1256.0,13794148000000.0,7377522000000.0,7505033000000.0,5337056000000.0,10911.0,32821.0,21177.0,52.47,29.86,78.02,51.52,22.03000000000001,32.480000000000004,102.57788280995486,
137,10060,KOSPI,OCI,기초 화학물질 제조업,"타르제품,카본블랙,무수프탈산,농약원제,석탄화학제품,정밀화학제품,플라스틱창호재 제조,판매",1985-07-09,12월,"백우석, 이우현, 김택중(3인, 각자 대표이사)",http://www.oci.co.kr,서울특별시,2022-08-12,23849712.0,1006076445000.0,162009377000.0,75882589000.0,134500216000.0,134158696000.0,16.1,7.54,13.37,1014153917000.0,218035700000.0,-15946799000.0,287578346000.0,289482909000.0,21.5,-1.57,28.36,22556.0,573677884000.0,47018557000.0,22302035000.0,38002120000.0,39757436000.0,8.2,3.89,6.62,564231511000.0,32975178000.0,-127092384000.0,-160043461000.0,742151690000.0,5.84,-22.52,-28.36,6372.0,3243996752000.0,625984935000.0,377690582000.0,647647565000.0,27155.0,148296.0,130978.0,8.47,11.35,15.21,20.73,7.900000000000002,15.66,75.37305743513724,
138,5490,KOSPI,POSCO홀딩스,1차 철강 제조업,"열연코일,냉연강판,후판,선재,스테인리스 제조",1988-06-10,12월,"대표이사 회장 최정우, 대표이사 사장 전중선",http://www.posco.co.kr,서울특별시,2022-08-16,87236204.0,2928765425577.0,2257649688861.0,9414821924.0,1711611321575.0,0.0,77.09,0.32,58.44,21334273351909.0,2368336268990.0,2451239321956.0,1498438951185.0,0.0,11.1,11.49,7.02,78480.0,2137775203952.0,1552441317171.0,570868478208.0,1024735682380.0,0.0,72.62,26.7,47.93,15264210915695.0,863360069216.0,2698563840888.0,701015620977.0,0.0,5.66,17.68,4.59,46984.0,76332345050013.0,9238089232877.0,6259365289022.0,6617238627273.0,75854.0,669966.0,628236.0,6.85,7.23,11.71,12.07,4.469999999999999,5.4399999999999995,37.0006266403846,
139,1770,KOSPI,SHD,1차 철강 제조업,"석도강판,표면처리강판 제조,임가공,판매",1988-11-23,12월,신종호,http://www.shinhwatp.com,경기도,2022-08-12,1214746.0,28271973142.0,2683513780.0,12342480705.0,1967947525.0,0.0,9.49,43.66,6.96,29469052178.0,2181900171.0,-381543704.0,2354932968.0,0.0,7.4,-1.29,7.99,6480.0,23166145869.0,144370135.0,5135446558.0,290722023.0,0.0,0.62,22.17,1.25,22664269254.0,661944523.0,1209224251.0,309361830.0,0.0,2.92,5.34,1.36,956.0,104770706369.0,5712545723.0,-770577690.0,5792585283.0,4768.0,37033.0,33423.0,9.54,8.15,17.5,14.27,8.870000000000001,4.48,22.040037656123072,
140,9160,KOSPI,SIMPAC,특수 목적용 기계 제조업,"프레스,자동화장치,자동차부품 제조,도매",1989-07-29,12월,최진식,http://www.simpac.co.kr,인천광역시,2022-08-12,65428156.0,197012100101.0,49760729972.0,55207255390.0,39315015202.0,0.0,25.26,28.02,19.96,232853504863.0,52165318710.0,29588509205.0,35105408817.0,0.0,22.4,12.71,15.08,2400.0,97965365499.0,9422148336.0,1706272441.0,10998325306.0,0.0,9.62,1.74,11.23,104765312043.0,487877995.0,-8253827481.0,26419377208.0,0.0,0.47,-7.88,25.22,672.0,613012779571.0,106401536463.0,63747132643.0,90832862627.0,1388.0,9323.0,8355.0,16.69,10.06,25.74,16.62,15.640000000000002,21.93,101.10382796766173,
141,660,KOSPI,SK하이닉스,반도체 제조업,"반도체,컴퓨터,통신기기 제조,도매",1996-12-26,12월,"박정호, 이석희 (각자대표)",http://www.skhynix.com,경기도,2022-08-16,728080089.0,12155653000000.0,2859615000000.0,5141228000000.0,1978844000000.0,0.0,23.52,42.29,16.28,12376609000000.0,4219524000000.0,5774224000000.0,3316532000000.0,0.0,34.09,46.65,26.8,10868.0,8494188000000.0,1324421000000.0,3206762000000.0,1266663000000.0,0.0,15.59,37.75,14.91,7966225000000.0,958897000000.0,3200146000000.0,1769414000000.0,0.0,12.04,40.17,22.21,6956.0,42997792000000.0,12410340000000.0,19797648000000.0,9602316000000.0,13188.0,91851.0,85417.0,7.03,9.96,11.83,15.44,7.93,22.050000000000004,43.10553286553112,
142,11810,KOSPI,STX,상품 종합 도매업,"에너지 원료(석탄,석유),산업기자재(기계부품) 도매",1990-09-12,12월,박상준,http://www.stx.co.kr,경상남도,2022-08-12,28619474.0,295380000000.0,5077000000.0,1531000000.0,1580000000.0,0.0,1.72,0.52,0.53,276898000000.0,12177000000.0,-26529000000.0,-5718000000.0,-23318000000.0,4.4,-9.58,-2.07,220.0,201252000000.0,-4863000000.0,4538000000.0,-2984000000.0,0.0,-2.42,2.25,-1.48,156326000000.0,-6809000000.0,-15466000000.0,-8974000000.0,-23318000000.0,-4.36,-9.89,-5.74,-416.0,925509000000.0,9040000000.0,-12528000000.0,-15275000000.0,-533.0,4793.0,4281.0,0.88,-2.26,4.59,-12.47,4.14,8.760000000000002,46.771212211555664,
143,2710,KOSPI,TCC스틸,1차 철강 제조업,"석도강판,표면처리강판 제조,판매",1984-12-21,12월,"손봉락, 조석희, 손기영 (각자대표)",http://www.tccsteel.com,경상북도,2022-08-12,23498537.0,136722700945.0,8690799822.0,-11266750884.0,4630919393.0,4551135319.0,6.36,-8.24,3.39,151933702439.0,10056947733.0,6706996154.0,16587026590.0,16929000026.0,6.62,4.41,10.92,788.0,116809168229.0,1502793095.0,6117753886.0,1204349662.0,1039205104.0,1.29,5.24,1.03,107105709170.0,-1163478398.0,1889909971.0,-1597086077.0,28650976085.0,-1.09,1.76,-1.49,204.0,536651129324.0,25597715868.0,7630670677.0,28807250405.0,1225.0,7266.0,6605.0,4.8,7.85,10.84,18.56,5.07,7.71,17.04791928400711,
144,37270,KOSPI,YG PLUS,"자료처리, 호스팅, 포털 및 기타 인터넷 정보매개 서비스업","광고대행,광고물 제작",2003-08-01,12월,최성준,http://www.ygplus.com,서울특별시,2022-08-16,63437241.0,30475361684.0,3791310740.0,5783496382.0,6370732073.0,3874118974.0,12.44,18.98,20.9,41979981897.0,8815971603.0,-594712398.0,13905189282.0,14942672562.0,21.0,-1.42,33.12,400.0,26597655024.0,1426338451.0,-1407601221.0,3197994548.0,1834822609.0,5.36,-5.29,12.02,33367727671.0,3151697221.0,201863040.0,-3285827636.0,21076063421.0,9.45,0.6,-9.85,200.0,154302563674.0,25571451133.0,7800716725.0,21926213919.0,345.0,2523.0,2297.0,10.7,9.83,15.85,15.05,7.079999999999999,11.55,14.57912983870574,
145,35250,KOSPI,강원랜드,유원지 및 기타 오락관련 서비스업,"카지노,관광호텔,골프장,스키장,체육시설 운영",2003-09-04,12월,"Lee, Sam-Geol",http://kangwonland.high1.com,강원도,2022-08-16,213917248.0,226850860538.0,10529008096.0,2178121035.0,-5844889066.0,0.0,4.64,0.96,-2.58,242137264386.0,-20049795803.0,111574061007.0,-10989658887.0,0.0,-8.28,46.08,-4.54,-108.0,97434543660.0,-59617839359.0,-54899359538.0,-40887320725.0,0.0,-61.19,-56.34,-41.96,131322202551.0,-76119679081.0,-121854593396.0,-33326184067.0,0.0,-57.96,-92.79,-25.38,-764.0,788432829925.0,-52695285784.0,210874268539.0,-10567438936.0,-49.0,15205.0,15205.0,-0.59,-0.28,-0.71,-0.32,65.83,49.68,132.823854884158,12.91867056061277
146,12610,KOSPI,경인양행,기초 화학물질 제조업,"반응성염료,직접염료,산성염료,삼원색원료 제조,수출입",1995-10-05,12월,"김흥준,조성용 (각자대표이사)",http://www.kyungin.co.kr,인천광역시,2022-08-16,41610893.0,113852837476.0,12143244506.0,7767678066.0,7576926803.0,8777373864.0,10.67,6.82,6.66,111498299363.0,11788545931.0,7628369322.0,6918415196.0,7854558507.0,10.57,6.84,6.2,728.0,94200315116.0,2857809622.0,9613705966.0,5610760283.0,6177961230.0,3.03,10.21,5.96,80681963827.0,743699776.0,16192417940.0,-5670302068.0,29235338274.0,0.92,20.07,-7.03,536.0,403325658612.0,28354678017.0,9230962632.0,24374478668.0,585.0,6342.0,6052.0,5.13,4.21,11.48,9.68,7.640000000000001,9.65,20.86248048724627,
147,17900,KOSPI,광전자,반도체 제조업,"트랜지스터,SMD TR,발광소자,리모콘모듈,발광다이오드(L.E.D),다이오드용웨이퍼팹(Fab) 제조,판매",1996-10-16,12월,이석렬,http://www.auk.co.kr,전라북도,2022-08-16,57945618.0,40949773817.0,4113425488.0,3931954353.0,4697551621.0,0.0,10.05,9.6,11.47,41622747571.0,-940347887.0,-4860995508.0,-773390270.0,0.0,-2.26,-11.68,-1.86,324.0,43028221604.0,527397267.0,-1930131410.0,2902036810.0,0.0,1.23,-4.49,6.74,37465082787.0,-6110334126.0,477140265.0,-16049801619.0,0.0,-16.31,1.27,-42.84,200.0,173773675132.0,6916463299.0,-1308095781.0,11045169299.0,190.0,3646.0,3636.0,8.19,4.62,8.88,5.24,8.82,14.049999999999999,-4.830429214873205,
148,5320,KOSPI,국동,생활용품 도매업,"셔츠,스웨터,파자마(섬유제품) 제조,판매,수출/부동산 임대",1996-12-24,12월,오창규,http://www.kd.co.kr,서울특별시,2022-08-12,55209784.0,70554779462.0,1454841260.0,-6883771205.0,1239465989.0,0.0,2.06,-9.76,1.76,68198692514.0,643249617.0,7658791685.0,-2205129443.0,0.0,0.94,11.23,-3.23,88.0,42992963743.0,-3014185035.0,-16888130956.0,-1684866069.0,0.0,-7.01,-39.28,-3.92,45257809160.0,-7654653031.0,-9179124553.0,-12353263292.0,0.0,-16.91,-20.28,-27.3,-120.0,226961774057.0,-3587448466.0,-25316836611.0,-7948938059.0,-143.0,1962.0,1854.0,2.84,-4.72,4.49,-7.77,9.07,17.85,64.10773605596692,
149,25860,KOSPI,남해화학,"비료, 농약 및 살균, 살충제 제조업","비료(요소,복합비료),공업제품원료 제조,도매",1995-11-10,12월,하형수,http://www.nhchem.co.kr,서울특별시,2022-08-16,49676409.0,601271342022.0,47865764201.0,-155044093863.0,36299879650.0,0.0,7.96,-25.79,6.04,403936869690.0,12287667489.0,-43133557174.0,14424217318.0,0.0,3.04,-10.68,3.57,2920.0,306380261404.0,3125649236.0,-68464471447.0,2914284044.0,0.0,1.02,-22.35,0.95,214435100222.0,-4900592923.0,36406531550.0,-2840239002.0,0.0,-2.29,16.98,-1.32,232.0,1451884407283.0,20481749724.0,-118071166535.0,21664019600.0,436.0,10621.0,9493.0,14.49,3.01,27.49,4.59,6.9399999999999995,5.33,96.25002579038534,
150,58730,KOSPI,다스코,"구조용 금속제품, 탱크 및 증기발생기 제조업","데크플레이트,도로안전시설물(가드레일,강재방호책),건축용단열재보드(경질우레탄보드),신재생에너지사업",2004-08-02,12월,한상원,http://www.dasco.kr,전라남도,2022-08-16,18085214.0,80286430690.0,1310006276.0,22196089125.0,-117856678.0,0.0,1.63,27.65,-0.15,115899386101.0,1996497177.0,-1850191978.0,2038982952.0,0.0,1.72,-1.6,1.76,-24.0,53183270463.0,-3575630414.0,9128968070.0,-3326295201.0,0.0,-6.72,17.17,-6.25,79932208171.0,-4577835074.0,-18090338627.0,-5494471340.0,0.0,-5.73,-22.63,-6.87,-732.0,363600169196.0,4312963481.0,-13031530409.0,-2427943894.0,-134.0,6881.0,6931.0,-0.15,-0.81,-0.35,-1.94,8.35,7.45,50.9618156067628,
151,353200,KOSPI,대덕전자,전자부품 제조업,"PCB(Printed Circuit Board, 인쇄회로기판)의 제조 및 판매",2020-05-21,12월,신영환,http://www.daeduck.com,경기도,2022-08-12,49409893.0,305351615827.0,44772597751.0,56075447436.0,36397658594.0,36397658594.0,14.66,18.36,11.92,280951475082.0,26806414302.0,126917768405.0,18694273352.0,21313104251.0,9.54,45.17,6.65,2944.0,233643847079.0,6709070817.0,-24550758309.0,12530750910.0,13550144147.0,2.87,-10.51,5.36,214417005258.0,-5735381416.0,59186966209.0,-12048714249.0,59793502287.0,-2.67,27.6,-5.62,1012.0,1000931518781.0,72467127013.0,203808775837.0,63027288650.0,1275.0,14529.0,13800.0,13.19,6.7,20.26,9.24,11.79,12.209999999999999,30.691058054592833,
152,6570,KOSPI,대림통상,기타 금속 가공제품 제조업,"수전금구,비데,위생도기,샤워부스,타일,양식기,무역",1975-11-20,12월,"고은희, 이지용",http://www.dlt.co.kr,서울특별시,2022-08-16,15201033.0,42237522906.0,1870396248.0,-341139871.0,1156535665.0,0.0,4.43,-0.81,2.74,44431207514.0,3084542296.0,351029036.0,975681014.0,0.0,6.94,0.79,2.2,304.0,35432099534.0,-558183799.0,1000723606.0,-862554573.0,0.0,-1.58,2.82,-2.43,37551184407.0,-2444403424.0,-678043422.0,-8640400887.0,0.0,-6.51,-1.81,-23.01,-224.0,155229119203.0,2943841594.0,-2709490729.0,285043364.0,18.0,5210.0,5008.0,2.74,0.17,5.83,0.37,6.01,13.45,19.206943594944576,
153,9190,KOSPI,대양금속,1차 철강 제조업,스테인레스 냉연강판 제조,1994-04-29,12월,조상종,http://www.daiyangmetal.co.kr,충청남도,2022-08-10,32356411.0,68951947165.0,10188800396.0,3341020178.0,9458549049.0,0.0,14.78,4.85,13.72,61667182915.0,6165811811.0,4403276020.0,6982357358.0,0.0,10.0,7.14,11.32,1168.0,39572005485.0,1323518721.0,-401030881.0,1859419189.0,0.0,3.34,-1.01,4.7,33623832119.0,-537549745.0,1693716902.0,-1805220765.0,0.0,-1.6,5.04,-5.37,228.0,203423901636.0,15188009078.0,-5352046822.0,15243418346.0,471.0,3714.0,3077.0,20.95,9.68,31.44,15.31,11.44,11.6,74.24425757531202,
154,3220,KOSPI,대원제약,의약품 제조업,"의약품(해열소염진통제,진해거담제,동맥경화용제,혈압강하제 등), 건강기능식품(프로바이오틱스 등)",1999-12-15,12월,"백승호,백승열",http://www.daewonpharm.com,서울특별시,2022-08-16,21845535.0,117056615266.0,13920988565.0,9210777037.0,10505252315.0,0.0,11.89,7.87,8.97,100958239652.0,10713698733.0,11987065363.0,5748744479.0,0.0,10.61,11.87,5.69,1920.0,74993570919.0,-2270701307.0,-6101970534.0,-8080616002.0,0.0,-3.03,-8.14,-10.78,77467918283.0,1565361833.0,7534463550.0,2190509202.0,0.0,2.02,9.73,2.83,-1476.0,354176435161.0,19425905258.0,22413390635.0,6988825613.0,319.0,10466.0,9997.0,9.12,1.63,18.34,3.2,14.92,8.59,56.088867127599485,
155,15230,KOSPI,대창단조,자동차 신품 부품 제조업,"자동차,중장비 부품(크랭크샤프트,트랙링크조립체,커넥팅로드,중장비롤러류),기어,동력전달장치,단조가공품,단조품 제조",1989-07-25,12월,박권일,http://www.dcf.co.kr,경상남도,2022-08-16,28571677.0,95749050659.0,11156429760.0,5198369963.0,7965591538.0,0.0,11.65,5.43,8.32,109691025515.0,10368851705.0,-5998642659.0,7983582702.0,0.0,9.45,-5.47,7.28,1112.0,83821732754.0,5988625952.0,272010056.0,9725536428.0,0.0,7.14,0.32,11.6,76448160130.0,3619732697.0,-4582730260.0,1241762422.0,0.0,4.73,-5.99,1.62,1360.0,354439661796.0,29506417898.0,-13449641847.0,26643056493.0,932.0,8482.0,7950.0,9.51,8.93,13.11,11.73,4.510000000000001,4.719999999999999,14.229385999457072,37.23007036204552
156,3490,KOSPI,대한항공,항공 여객 운송업,"여객운송,화물운송,항공기 제조,판매,정비수리/기내식 제조판매,면세품 판매",1966-03-18,12월,"조원태, 우기홍",http://www.koreanair.com,서울특별시,2022-08-12,368209374.0,2884257098465.0,773092247067.0,1119316939574.0,532619942734.0,0.0,26.8,38.81,18.47,2907512024751.0,703747775508.0,1170521469827.0,409561527973.0,411767341044.0,24.2,40.26,14.09,5784.0,1792816354047.0,100973038995.0,510574675134.0,-53651166071.0,0.0,5.63,28.48,-2.99,1909996038608.0,117062091289.0,426859996928.0,426659604520.0,1233122169559.0,6.13,22.35,22.34,-580.0,9016824640301.0,1417968632826.0,3514195624777.0,577683539995.0,1568.0,21374.0,18646.0,7.68,2.17,27.06,8.41,21.17,18.07,60.878558027108845,
157,145720,KOSPI,덴티움,의료용 기기 제조업,치과용 기기 제조업,2017-03-15,12월,유재홍,http://www.dentium.co.kr,서울특별시,2022-08-12,11069334.0,74528714132.0,20397903600.0,4666334763.0,15679343326.0,0.0,27.37,6.26,21.04,94066731101.0,27271284507.0,31247256050.0,18527376815.0,0.0,28.99,33.22,19.7,5664.0,53797694947.0,10638934594.0,9433530652.0,8560006428.0,0.0,19.78,17.54,15.91,75400605881.0,17327676994.0,41070521300.0,11331585466.0,0.0,22.98,54.47,15.03,3092.0,291529687471.0,69882395499.0,74111673803.0,55484056506.0,5012.0,29526.0,26297.0,10.81,9.73,19.18,19.06,7.59,6.009999999999998,38.53514394143397,
158,170900,KOSPI,동아에스티,의약품 제조업,"스티렌, 자이데나",2013-04-08,12월,김민영,http://www.donga.co.kr,서울특별시,2022-08-16,8447538.0,156258490997.0,8150822497.0,18619193609.0,1737685604.0,0.0,5.22,11.92,1.11,152924768574.0,-4780188213.0,1681630632.0,-5755292550.0,0.0,-3.13,1.1,-3.76,820.0,140920202865.0,879530485.0,6266053862.0,762092203.0,0.0,0.62,4.45,0.54,128198949351.0,-16337790918.0,-9928479977.0,-14542687788.0,0.0,-12.74,-7.74,-11.34,360.0,593227915741.0,15618958260.0,49373803580.0,12816148950.0,1517.0,77228.0,77700.0,0.6,1.15,1.06,1.95,4.6,9.61,10.884378407185457,
159,30720,KOSPI,동원수산,어로 어업,"원양어업/수산물 제조,가공/참치어류 냉동냉장업",1996-11-22,12월,단독대표이사 사장 왕기철,http://www.dongwonfish.co.kr,서울특별시,2022-08-16,4654392.0,42992690582.0,2183299421.0,287719485.0,1512651977.0,0.0,5.08,0.67,3.52,35730255506.0,2900509393.0,-1573720979.0,2948297715.0,0.0,8.12,-4.4,8.25,1296.0,28494370620.0,-284023834.0,-9032023240.0,204535601.0,0.0,-1.0,-31.7,0.72,37060028710.0,-5504613286.0,5474774474.0,-6122550127.0,0.0,-14.85,14.77,-16.52,172.0,144619089023.0,6227066287.0,4944643690.0,7462791024.0,1603.0,13376.0,12250.0,5.77,7.39,9.69,13.09,6.08,22.97,50.8813483033162,
160,24090,KOSPI,디씨엠,1차 철강 제조업,"PCM(칼라강판),라미네이트강판,산업용필름 제조,판매",1999-08-18,12월,정연택,http://www.dcmcorp.co.kr,경상남도,2022-08-16,11400434.0,76218368060.0,12492270385.0,10190882169.0,17641506537.0,17641506537.0,16.39,13.37,23.15,70999110927.0,8135711789.0,10806927082.0,15319760455.0,15319760455.0,11.46,15.22,21.58,6188.0,57917820549.0,5913434595.0,-1175437339.0,8986722235.0,8986722235.0,10.21,-2.03,15.52,44832539014.0,1991155543.0,-905138286.0,3569553795.0,34362677947.0,4.44,-2.02,7.96,3152.0,250829059873.0,34887867459.0,15806800753.0,50754929691.0,4452.0,22872.0,20661.0,21.21,17.69,27.05,21.55,6.18,7.0200000000000005,31.597438124449546,-66.88736938491915
161,4000,KOSPI,롯데정밀화학,기초 화학물질 제조업,"염소·셀룰로스계열, 암모니아 계열, 전자재료 등 화학제품 제조",1976-04-15,12월,김용석,http://www.lottefinechem.com,울산광역시,2022-08-16,25798337.0,652348003050.0,110346564628.0,223252834426.0,29573277578.0,0.0,16.92,34.22,4.53,522558212712.0,84939517536.0,165496095241.0,225937440724.0,0.0,16.25,31.67,43.24,4584.0,343935896409.0,35519397622.0,42039561193.0,40493898353.0,0.0,10.33,12.22,11.77,303740508982.0,28461178115.0,33158286916.0,66606868596.0,0.0,9.37,10.92,21.93,6276.0,1780293056795.0,244513587616.0,308521791730.0,585458461667.0,22693.0,92917.0,85223.0,3.8,21.5,4.93,26.63,6.590000000000002,6.880000000000001,89.6713922161367,
162,9580,KOSPI,무림P&P,"펄프, 종이 및 판지 제조업","표백화학펄프(B.K.P) 제조,목재가공,조림사업",1989-06-20,12월,이도균,http://www.moorimpnp.co.kr,울산광역시,2022-08-16,62366443.0,162205555518.0,10400102402.0,38533576509.0,4216107772.0,0.0,6.41,23.76,2.6,169207566056.0,10266563978.0,176527577.0,6933703515.0,0.0,6.07,0.1,4.1,268.0,137881812421.0,-8886804439.0,15114200001.0,-6632728402.0,0.0,-6.45,10.96,-4.81,132875648507.0,-5368705131.0,-18629214130.0,-9090870422.0,0.0,-4.04,-14.02,-6.84,-424.0,613699105829.0,29386707735.0,-15328185220.0,18590124909.0,298.0,10067.0,9924.0,1.11,1.25,2.66,3.0,12.86,10.11,17.641009114916006,
163,3650,KOSPI,미창석유,석유 정제품 제조업,"윤활유,고무배합유,전기절연유 제조,판매,수출입",1989-09-27,12월,유재순,http://www.michang.co.kr,부산광역시,2022-08-12,1739709.0,102503179947.0,11799101548.0,10357056597.0,7562479890.0,0.0,11.51,10.1,7.38,112926452869.0,11319011709.0,12994870032.0,9591525770.0,0.0,10.02,11.51,8.49,17384.0,90783857119.0,6314765102.0,-4869264154.0,6326881150.0,0.0,6.96,-5.36,6.97,76025846526.0,3644812310.0,10345787408.0,4313083901.0,0.0,4.79,13.61,5.67,14544.0,406292672739.0,35450218335.0,15235779430.0,33138620865.0,19048.0,180274.0,173581.0,8.15,9.53,9.64,10.97,4.55,5.2299999999999995,12.909038236432547,200.72674045388865
164,1340,KOSPI,백광산업,기초 화학물질 제조업,"가성소다,합성염산 제조,판매",1976-06-10,12월,김성훈,http://www.pkic.co.kr,전라북도,2022-08-12,44151807.0,54362623785.0,8076419183.0,3730143016.0,7042402581.0,7042402581.0,14.86,6.86,12.95,51596804210.0,4739825181.0,14337944093.0,4726257829.0,4726257829.0,9.19,27.79,9.16,636.0,46396524104.0,4447914331.0,1784811105.0,3462045734.0,3462045734.0,9.59,3.85,7.46,42886409500.0,1916879941.0,11022544812.0,2846792976.0,7597200179.0,4.47,25.7,6.64,312.0,191117728512.0,17929801315.0,36597135742.0,14896324686.0,337.0,4499.0,4292.0,7.23,4.15,14.13,7.86,5.27,4.72,17.16960447973131,
165,1470,KOSPI,삼부토건,토목 건설업,"토목공사,건축공사,포장공사,건설업,분양사업/건설자재 제조",1976-06-26,12월,이응근,http://www.sambu.co.kr,서울특별시,2022-08-16,187697160.0,84887655524.0,5993491366.0,9276156926.0,7906000675.0,7895698167.0,7.06,10.93,9.31,96643069391.0,-6989272348.0,9084834693.0,-4469835577.0,-4483873221.0,-7.23,9.4,-4.63,168.0,80663658111.0,-1368286805.0,-392219549.0,68721201.0,57770066.0,-1.7,-0.49,0.09,88747323710.0,-11790760823.0,27233518129.0,-25650190274.0,-9751759651.0,-13.29,30.69,-28.9,0.0,357047939605.0,-4353122537.0,-27545783949.0,8082167416.0,43.0,1500.0,1270.0,5.19,1.47,11.2,3.39,8.76,6.059999999999999,5.236555732678802,
166,207940,KOSPI,삼성바이오로직스,기초 의약물질 및 생물학적 제제 제조업,바이오의약품,2016-11-10,12월,임존종보 (Rim John Chongbo),http://www.samsungbiologics.com,인천광역시,2022-08-16,73704285.0,511303826776.0,176416807153.0,212955175510.0,146942732022.0,0.0,34.5,41.65,28.74,444313685644.0,128842730424.0,114469129963.0,79317937814.0,0.0,29.0,25.76,17.85,7972.0,260797315576.0,74295866136.0,-72492268938.0,60975536258.0,0.0,28.49,-27.8,23.38,375306554056.0,92576031108.0,-142631708706.0,96221726169.0,0.0,24.67,-38.0,25.64,3308.0,1568006928039.0,537309408072.0,454596217269.0,393589467655.0,5340.0,59696.0,67717.0,7.02,4.94,13.35,7.89,6.010000000000002,4.329999999999998,96.05409881107418,
167,68290,KOSPI,삼성출판사,"서적, 잡지 및 기타 인쇄물 출판업","서적 출판,인쇄,소매/부동산 임대",2002-08-05,12월,김진용,http://www.samsungbooks.com,서울특별시,2022-08-16,10000211.0,51338029603.0,4276511281.0,9423986954.0,1473886223.0,0.0,8.33,18.36,2.87,56829981111.0,6092621730.0,16326104462.0,1692269727.0,0.0,10.72,28.73,2.98,588.0,42609406383.0,701250761.0,12712011031.0,510848036.0,0.0,1.65,29.83,1.2,41550284266.0,-1215494140.0,4157771590.0,50106018799.0,0.0,-2.93,10.01,120.59,204.0,187479540147.0,7997004015.0,44630629478.0,3159352601.0,315.0,26880.0,22339.0,1.52,0.93,2.19,1.41,6.68,13.65,20.485202590108095,
168,2420,KOSPI,세기상사,"영화, 비디오물, 방송프로그램 제작 및 배급업","극장(영화상영)/극영화,만화영화 제조/음식료품,일용잡화 소매/부동산 임대",1968-12-27,12월,조영준,http://daehancinema.com,서울특별시,2022-08-16,4275935.0,6705871227.0,-269878755.0,-785893266.0,-419224583.0,0.0,-4.02,-11.72,-6.25,7039028159.0,-443161892.0,251704329.0,-557224844.0,0.0,-6.3,3.58,-7.92,-392.0,343009096.0,-335202639.0,-351376459.0,-412143232.0,0.0,-97.72,-102.44,-120.16,443542434.0,-378992605.0,-320583573.0,-426369296.0,0.0,-85.45,-72.28,-96.13,-384.0,17880222962.0,-1552340389.0,-1855023272.0,-1944921160.0,-454.0,4569.0,4347.0,-3.58,-4.19,-8.58,-10.46,93.7,79.15,1855.012652783995,-79.06536014667282
169,306200,KOSPI,세아제강,1차 철강 제조업,강관,2018-10-05,12월,"이휘령, 김석일",http://www.seahsteel.co.kr,서울특별시,2022-08-16,2836115.0,448817049225.0,59920752661.0,15326440678.0,45949532991.0,0.0,13.35,3.41,10.24,452244233590.0,43777313493.0,5941942542.0,24121694272.0,0.0,9.68,1.31,5.33,64804.0,321772601038.0,15750094843.0,16365333356.0,13199912005.0,0.0,4.89,5.09,4.1,301572487024.0,2155496504.0,-5000056547.0,-4666195728.0,0.0,0.71,-1.66,-1.55,18616.0,1497360775818.0,131945673869.0,22030620316.0,91395255230.0,32225.0,260717.0,239621.0,14.48,7.44,24.86,13.45,8.46,8.969999999999999,39.48268055675647,
170,3030,KOSPI,세아제강지주,기타 금융업,경영컨설팅업,1969-05-13,12월,"이주성, 김태현",http://www.seahsteel.co.kr/company/holdings/,서울특별시,2022-08-16,4141521000.0,916089648698.0,110970128965.0,4816662416.0,70888327178.0,0.0,12.11,0.53,7.74,820153117204.0,67998109952.0,-65765711783.0,35402466800.0,0.0,8.29,-8.02,4.32,68.0,584720291255.0,36939184443.0,12996941575.0,44729538626.0,0.0,6.32,2.22,7.65,573119686518.0,3811362223.0,38908082948.0,-35488433067.0,0.0,0.67,6.79,-6.19,40.0,2841722127579.0,298952263629.0,-165692653993.0,220656030829.0,53.0,411.0,383.0,8.93,7.61,16.51,13.91,5.789999999999999,7.619999999999999,56.67143117810629,
171,4430,KOSPI,송원산업,기타 화학제품 제조업,"폴리머첨가제(PVC안정제,산화방지제),폴리우레탄수지,프라스틱첨가제 제조",1977-06-25,12월,김충식 대표이사,http://www.songwon.com,울산광역시,2022-08-12,24000258.0,338433000000.0,57195000000.0,-22882000000.0,43427000000.0,0.0,16.9,-6.76,12.83,283475000000.0,36584000000.0,2602000000.0,26100000000.0,0.0,12.91,0.92,9.21,7236.0,222487000000.0,17343000000.0,-11103000000.0,10001000000.0,0.0,7.8,-4.99,4.5,203843000000.0,17955000000.0,15970000000.0,2791000000.0,0.0,8.81,7.83,1.37,1664.0,998190000000.0,105714000000.0,-18297000000.0,72273000000.0,3011.0,25693.0,22635.0,13.75,6.48,28.16,13.3,9.099999999999998,4.1,52.11360663769119,
172,4920,KOSPI,씨아이테크,그외 기타 제품 제조업,"컴퓨터 소프트웨어,하드웨어 서버,도매",1989-11-30,12월,김대영,http://www.citech.kr,서울특별시,2022-08-16,40809663.0,12421473585.0,1241035042.0,3852774806.0,3701765807.0,0.0,9.99,31.02,29.8,17972421539.0,2179875446.0,2394705138.0,4773675614.0,990882676.0,12.13,13.32,26.56,360.0,9058945790.0,-2863277673.0,905411563.0,-4587632350.0,0.0,-31.61,9.99,-50.64,13386670748.0,-675808780.0,1640213311.0,-3289994394.0,-7612846163.0,-5.05,12.25,-24.58,-448.0,47230072502.0,871731347.0,-3648266232.0,-6310819169.0,-154.0,1425.0,1171.0,14.92,-7.93,25.26,-13.2,41.6,17.18,37.11831236159765,
173,20560,KOSPI,아시아나항공,항공 여객 운송업,"항공운송(여객운송,화물운송)/항공기 제조,정비수리",2008-03-28,12월,정성권,http://www.flyasiana.com,서울특별시,2022-08-12,74421036.0,1246250096086.0,143524227260.0,428878751970.0,-11117158239.0,-46551582964.0,11.52,34.41,-0.89,1444454848053.0,118250407897.0,489010003141.0,237241043423.0,157049982473.0,8.19,33.85,16.42,-596.0,847160379434.0,-88608585312.0,176194381878.0,-319388249709.0,-345030903231.0,-10.46,20.8,-37.7,921472664680.0,-32290702555.0,-211080693890.0,166954705614.0,14651452255.0,-3.5,-22.91,18.12,-17164.0,4339706411421.0,93203600406.0,1008216924639.0,-362476384455.0,-4870.0,8491.0,7002.0,-0.34,-2.77,-7.02,-69.56,21.98,11.69,47.109110192173716,
174,10780,KOSPI,아이에스동서,"내화, 비내화 요업제품 제조업","타일,위생도기,콘크리트파일,P.C관,침목 제조,도매",1986-01-27,12월,"허석헌, 정원호, 김갑진(각자 대표이사)",http://www.isdongseo.co.kr,서울특별시,2022-08-16,30894384.0,589898548325.0,111697236169.0,142472347491.0,79166864100.0,0.0,18.93,24.15,13.42,645383360400.0,166501555439.0,119154068786.0,64050120062.0,0.0,25.8,18.46,9.92,10248.0,310227453764.0,40300810573.0,-55706521707.0,11937952126.0,0.0,12.99,-17.96,3.85,338254292082.0,52438901559.0,3582629121.0,13032116945.0,0.0,15.5,1.06,3.85,1544.0,1608440924896.0,310765130275.0,224248467500.0,104971578755.0,3397.0,49953.0,47156.0,9.1,2.99,20.52,7.21,5.9399999999999995,10.3,90.15033684728458,
175,700,KOSPI,유수홀딩스,회사 본부 및 경영 컨설팅 서비스업,지주사업,1956-03-03,12월,송영규,http://www.eusu-holdings.com,서울특별시,2022-08-16,26041210.0,22224973309.0,8167237636.0,7392117407.0,8134748785.0,0.0,36.75,33.26,36.6,24203516608.0,8953773444.0,25429444585.0,7951793540.0,0.0,36.99,105.07,32.85,1248.0,16628491072.0,2125833695.0,-28127009495.0,4539588796.0,0.0,12.78,-169.15,27.3,10912171282.0,-12181814931.0,2056723660.0,73418863952.0,0.0,-111.64,18.85,672.82,696.0,81047873322.0,20347476590.0,-10889446999.0,24026921535.0,922.0,16255.0,15669.0,6.18,4.79,7.68,5.89,23.97,148.63,33.65598365340362,
176,7660,KOSPI,이수페타시스,전자부품 제조업,"P.C.B(인쇄회로기판),M.L.B 제조",2003-10-07,12월,서영준,http://www.petasys.com,대구광역시,2022-08-16,63248030.0,140471680986.0,18866104822.0,8796332880.0,14152224135.0,13903906504.0,13.43,6.26,10.07,123938240114.0,16495208735.0,-2612652979.0,425159190.0,10126194248.0,13.31,-2.11,0.34,892.0,98770992999.0,1904605064.0,6975211176.0,-2313453817.0,2546856383.0,1.93,7.06,-2.34,97719630807.0,2484671715.0,566538791.0,-9890409334.0,30387649072.0,2.54,0.58,-10.12,-144.0,469621094131.0,46875580199.0,3972190584.0,-3603718792.0,-56.0,3249.0,1984.0,11.55,-0.8,27.45,-2.87,11.5,10.77,42.21956945134914,
177,760,KOSPI,이화산업,기타 전문 도매업,"염료(반응성염료,분산염료,범용염료,직접염료,산성염료),염료화성품,합성수지,고무 도매,제조",1994-04-29,12월,홍성우,http://www.rifa.co.kr,서울특별시,2022-08-16,2800357.0,14391303714.0,450974040.0,-1585379901.0,629491442.0,0.0,3.13,-11.02,4.37,17669640503.0,419859612.0,-1157030576.0,257169224.0,0.0,2.38,-6.55,1.46,896.0,13556646700.0,-1055734734.0,-1486335899.0,49553048745.0,0.0,-7.79,-10.96,365.53,13542531707.0,-2305992972.0,-3837127299.0,-211724667.0,0.0,-17.03,-28.33,-1.56,70780.0,57775111897.0,-4965189508.0,-7411844444.0,47088403455.0,16815.0,83716.0,83400.0,0.92,17.13,1.07,20.16,10.92,19.41,6.156810253084194,-77.1910219163879
178,3120,KOSPI,일성신약,의약품 제조업,"의약품(항생제,화학료법제,항바이러스,근이완제,영양액륜) 제조,판매",1985-01-14,12월,"윤석근, 윤종욱",http://www.ilsung-ph.co.kr,서울특별시,2022-08-16,2660006.0,15067047231.0,333502139.0,-23234616.0,530579390.0,0.0,2.21,-0.15,3.52,12571395168.0,-84998414.0,-634088979.0,3372736481.0,0.0,-0.68,-5.04,26.83,796.0,8789169665.0,-523644009.0,2573547874.0,-5645514643.0,0.0,-5.96,29.28,-64.23,10216859411.0,-1108131531.0,-2635290655.0,1993341103.0,0.0,-10.85,-25.79,19.51,-8488.0,42089835817.0,-1797410519.0,5704073471.0,-1367510424.0,-514.0,129836.0,130040.0,0.57,-0.37,0.61,-0.4,8.17,10.17,71.42742494776951,
179,950,KOSPI,전방,방적 및 가공사 제조업,"면사,면혼방사,마혼방사,화섬사,염색사,자수사,소모사,면직물,면혼방직물,화섬직물,특수가공직물 제조,판매,수출",1968-10-21,12월,조덕현,http://www.chonbang.co.kr,서울특별시,2022-08-12,1679549.0,33673981333.0,4387542875.0,-11142677687.0,2305402599.0,0.0,13.03,-33.09,6.85,36325188190.0,4477124997.0,1350773304.0,-283501006.0,0.0,12.33,3.72,-0.78,5488.0,30722680460.0,1127601067.0,1143969304.0,730361727.0,0.0,3.67,3.72,2.38,29527610314.0,-4063767163.0,-39873337290.0,23952924547.0,0.0,-13.76,-135.04,81.12,1736.0,133745227330.0,7360077995.0,-1445054674.0,159907246.0,95.0,89061.0,85752.0,2.31,0.04,6.16,0.11,9.36,26.09,9.606261005912241,
180,1550,KOSPI,조비,"비료, 농약 및 살균, 살충제 제조업","복합비료(연초용,수도용,시판용,특수작물용),양액재배용 비료,완효성 비료,부직포 제조,무역",1976-12-28,12월,이승연,http://www.chobi.co.kr,서울특별시,2022-08-16,5192317.0,43685817343.0,9568259374.0,-25064093152.0,8239538843.0,0.0,21.9,-57.37,18.86,18304148960.0,770097670.0,-5942655737.0,606852836.0,0.0,4.21,-32.47,3.32,6344.0,19799064371.0,1486964068.0,-12140422957.0,1440691068.0,0.0,7.51,-61.32,7.28,7963157130.0,-424772026.0,3900590418.0,-225021153.0,0.0,-5.33,48.98,-2.83,1108.0,84597515362.0,3077405830.0,-7973100192.0,1851220426.0,356.0,12028.0,10257.0,21.95,1.78,52.74,3.48,14.389999999999999,9.54,120.64586752385785,
181,18470,KOSPI,조일알미늄,1차 비철금속 제조업,"알루미늄판 제조,도매",1988-11-22,12월,"이영호,성원모",http://www.choilal.co.kr,경상북도,2022-08-16,125848716.0,165996555138.0,20788313368.0,-18694878454.0,19050156792.0,0.0,12.52,-11.26,11.48,143122873248.0,8602267124.0,-25280431785.0,8556670430.0,0.0,6.01,-17.66,5.98,604.0,96997441966.0,3101993129.0,-8567502856.0,2513219411.0,0.0,3.2,-8.83,2.59,90854922030.0,207619232.0,528609614.0,-429271388.0,0.0,0.23,0.58,-0.47,76.0,466932503112.0,18279237886.0,-28053513184.0,15675523934.0,124.0,1788.0,1325.0,18.09,4.51,33.77,9.39,9.32,5.779999999999999,71.13498229797224,
182,88790,KOSPI,진도,기타 전문 도매업,"모피제품 제조,가공",2006-03-28,12월,임병남,http://www.jindofand.co.kr,서울특별시,2022-08-16,12447056.0,17860841731.0,2852565998.0,15524483279.0,2107236069.0,0.0,15.97,86.92,11.8,27148227474.0,3951559894.0,4404184621.0,3539189279.0,0.0,14.56,16.22,13.04,676.0,14642736158.0,963364415.0,10706336765.0,1038630662.0,0.0,6.58,73.12,7.09,22454810616.0,522444592.0,5608187908.0,-594512502.0,0.0,2.33,24.98,-2.65,332.0,58961462990.0,3775884191.0,10690116847.0,3568236830.0,286.0,8495.0,8087.0,6.14,2.62,7.96,3.54,9.39,12.23,21.977487938562636,-64.48805644526374
183,10640,KOSPI,진양폴리,플라스틱제품 제조업,"폴리우레탄,폴리우레탄스폰지 제조,판매",1989-09-30,12월,"김상용,조영태(각자대표이사)",http://www.chinyangpoly.kr,경기도,2022-08-16,9999768.0,13948853236.0,1252430220.0,1544090668.0,902355132.0,0.0,8.98,11.07,6.47,15781461714.0,1811031743.0,86788625.0,1514881031.0,0.0,11.48,0.55,9.6,360.0,11028007924.0,376290731.0,186466827.0,222779952.0,0.0,3.41,1.69,2.02,9230781897.0,235128693.0,454631722.0,49841629.0,0.0,2.55,4.93,0.54,88.0,53069415717.0,4715418691.0,4160884188.0,3802118983.0,380.0,3039.0,2947.0,6.98,7.91,11.84,12.9,5.57,8.93,26.48570197019383,
184,29460,KOSPI,케이씨,"측정, 시험, 항해, 제어 및 기타 정밀기기 제조업; 광학기기 제외",가스/Chemical 공급 장치 등 제조 및 판매,1997-11-25,12월,"고상걸, 이수희(각자대표이사)",http://www.kct.co.kr,경기도,2022-08-16,13552877.0,170921345696.0,23297681128.0,7050070349.0,19486210754.0,0.0,13.63,4.12,11.4,169331390409.0,31539011355.0,32264179606.0,21309565413.0,0.0,18.63,19.05,12.58,5748.0,127335402930.0,7807036425.0,-30504367535.0,8332448126.0,0.0,6.13,-23.96,6.54,190215123539.0,16964002755.0,30243542320.0,7921164189.0,0.0,8.92,15.9,4.16,2456.0,553763394521.0,65483256978.0,10861751502.0,52239924439.0,3854.0,59957.0,55139.0,7.43,5.42,9.59,6.99,7.500000000000001,9.709999999999999,34.22924164300204,
185,7810,KOSPI,코리아써키트,전자부품 제조업,"인쇄회로기판,Module 제조/부동산(건물) 임대",1985-09-09,12월,장세준,http://www.kcg.co.kr,경기도,2022-08-16,23622635.0,410835044067.0,31170965540.0,33014800113.0,20308527024.0,0.0,7.59,8.04,4.94,415449707112.0,41406820564.0,23285717210.0,23404594500.0,0.0,9.97,5.6,5.63,3436.0,296720191742.0,7719823989.0,7839732304.0,6814002581.0,0.0,2.6,2.64,2.3,235664536117.0,-6227561409.0,-17105998347.0,-7481420625.0,0.0,-2.64,-7.26,-3.17,1152.0,1424168502751.0,85112839470.0,66837179704.0,56198128578.0,2378.0,30418.0,27600.0,6.93,5.28,11.3,8.62,4.99,12.610000000000001,38.458741771178,
186,7980,KOSPI,태평양물산,봉제의복 제조업,"봉제의류(자켓,파카,코트),침구 제조,우모가공,생활용품 도소매,무역",1994-12-27,12월,임석원,http://www.panpacific.co.kr,서울특별시,2022-08-16,48163419.0,238644233297.0,5192780934.0,-10152644660.0,-4291228765.0,0.0,2.18,-4.25,-1.8,234386373329.0,864219138.0,25059892875.0,1910954199.0,0.0,0.37,10.69,0.82,-356.0,171592047851.0,-4448150868.0,-17104242143.0,-9426053925.0,0.0,-2.59,-9.97,-5.49,143442641792.0,-9631681154.0,57702383477.0,-672961223.0,0.0,-6.71,40.23,-0.47,-780.0,892927654015.0,1375375954.0,-43664200703.0,-13807493332.0,-286.0,3658.0,3422.0,-2.14,-1.81,-9.73,-8.38,4.77,7.08,39.076510995558486,
187,363280,KOSPI,티와이홀딩스,기타 금융업,지주사업,2020-09-22,12월,유종연,http://www.ty-holdings.co.kr,서울특별시,2022-08-16,50931594.0,51758270722.0,-2041381363.0,31877435021.0,27157129395.0,0.0,-3.94,61.59,52.47,89135740723.0,1362359775.0,15057672753.0,5703147106.0,158600501352.0,1.53,16.89,6.4,2132.0,44787421658.0,-4921268130.0,14375377620.0,28775081651.0,0.0,-10.99,32.1,64.25,17066781135.0,-9557705015.0,30830800065.0,333411501792.0,158600501352.0,-56.0,180.65,1953.57,2256.0,295210018480.0,11235068662.0,45828586714.0,144268084279.0,2832.0,26504.0,27952.0,4.97,6.77,8.04,10.13,7.050000000000001,57.53,15.564300881684836,
188,4720,KOSPI,팜젠사이언스,의약품 제조업,의약품 외,1990-06-15,12월,김혜연 박희덕(각자),http://www.pharmgenscience.com,경기도,2022-08-16,15491464.0,40967884658.0,3221113059.0,-1641178609.0,57942838368.0,0.0,7.86,-4.01,141.43,32527247093.0,748109103.0,3194826922.0,13276823443.0,0.0,2.3,9.82,40.82,14960.0,24012535191.0,-1391859758.0,1238508954.0,22358332280.0,0.0,-5.8,5.16,93.11,26141318750.0,-1788804688.0,-265577711.0,6294595073.0,0.0,-6.84,-1.02,24.08,5772.0,109866066814.0,-5037919443.0,7784092733.0,32465959378.0,2095.0,13348.0,8193.0,69.19,14.74,112.08,25.58,13.66,9.14,70.61040965534924,
189,28670,KOSPI,팬오션,해상 운송업,"해상화물운송(외항,운수보관)",2007-09-21,12월,"김홍국, 안중호(각자 대표이사)",http://www.panocean.com,서울특별시,2022-08-11,534638546.0,1440894000000.0,169106000000.0,273440000000.0,162871000000.0,0.0,11.74,18.98,11.3,1478035000000.0,220698000000.0,397260000000.0,224559000000.0,0.0,14.93,26.88,15.19,1216.0,679924000000.0,48898000000.0,6759000000.0,54620000000.0,0.0,7.19,0.99,8.03,620513000000.0,60183000000.0,115732000000.0,-13661000000.0,0.0,9.7,18.65,-2.2,408.0,4616107000000.0,572946000000.0,767687000000.0,549305000000.0,1027.0,7516.0,6727.0,8.76,8.47,16.18,15.27,4.55,5.23,111.9198616315941,-22.61580808946662
190,5810,KOSPI,풍산홀딩스,기타 금융업,"동판제,대,관,봉,선,소전,동파이프 제조,도매,무역",1988-07-28,12월,"류진, 박우동",http://www.poongsan.co.kr,인천광역시,2022-08-16,10410633.0,87537754564.0,19252883907.0,2919701933.0,26006017800.0,0.0,21.99,3.34,29.71,99420836979.0,21508464426.0,-9460965000.0,21695194980.0,0.0,21.63,-9.52,21.82,9992.0,118860815081.0,12832644860.0,-1688205042.0,12197320875.0,0.0,10.8,-1.42,10.26,82126507815.0,2211632332.0,1548891124.0,4276799905.0,0.0,2.69,1.89,5.21,4684.0,487784677999.0,96828238680.0,-12568612354.0,173751309228.0,16689.0,88862.0,86092.0,9.53,16.52,11.24,19.39,11.189999999999998,18.939999999999998,-26.352722295951185,
191,5430,KOSPI,한국공항,기타 운송관련 서비스업,"항공기 지상조업,항공화물 상하역,장비대여,항공용역사업,항공기급유,항공화물 취급,보관,부정기헬기운송,여행알선,광업,먹는샘물 제조,농축산업",1976-12-28,12월,이승범,http://www.kas.co.kr,서울특별시,2022-08-16,3166163.0,89557559481.0,-5795963612.0,2355726076.0,-4094511695.0,0.0,-6.47,2.63,-4.57,94636396530.0,3316439107.0,5043436245.0,5725364914.0,3002321507.0,3.5,5.33,6.05,-5172.0,75504225770.0,-8554543234.0,-5600013264.0,-6389526644.0,0.0,-11.33,-7.42,-8.46,78281936602.0,-10343350819.0,-4387587478.0,-12610139272.0,33815729232.0,-13.21,-5.6,-16.11,-8072.0,345532183624.0,-902546870.0,15437820568.0,3251006197.0,1026.0,96368.0,91616.0,-4.43,0.85,-5.37,1.12,4.86,16.71,18.612645276052607,
192,6200,KOSPI,한국전자홀딩스,기타 금융업,"시장조사,경영컨설팅",1979-11-30,12월,박 명 덕,http://www.kecholdings.co.kr,서울특별시,2022-08-16,46808182.0,87854255824.0,10221106714.0,1522814620.0,11161032549.0,11161032549.0,11.63,1.73,12.7,93409629474.0,8722208351.0,12881513429.0,-9199257135.0,-9199257135.0,9.34,13.79,-9.85,952.0,72455609016.0,2998900501.0,787526982.0,13546919428.0,13546919428.0,4.14,1.09,18.7,62314829168.0,216169857.0,6354278874.0,-34998309371.0,29045946397.0,0.35,10.2,-56.16,1156.0,331176392129.0,38507381292.0,34548439820.0,29177553677.0,623.0,8229.0,6620.0,9.29,6.29,11.57,9.42,7.490000000000001,8.99,21.252525535462127,
193,104700,KOSPI,한국철강,1차 철강 제조업,철근. 단조강. 파이프,2008-09-29,12월,"문종인, 이수하 (각자대표)",http://www.kisco.co.kr,경상남도,2022-08-16,42446896.0,240898478939.0,22815181480.0,-12922767962.0,22823707445.0,0.0,9.47,-5.36,9.47,267099565982.0,27744024744.0,6575566444.0,28328211778.0,0.0,10.39,2.46,10.61,2148.0,135607667549.0,5451459689.0,-19698177481.0,8885455022.0,0.0,4.02,-14.53,6.55,161065449044.0,2947397908.0,25967862636.0,-44879034368.0,0.0,1.83,16.12,-27.86,836.0,886650133446.0,103286644200.0,52059221625.0,97251554504.0,2291.0,17781.0,17013.0,9.44,10.7,12.08,13.47,5.450000000000001,8.56,77.64370060561258,
194,42700,KOSPI,한미반도체,특수 목적용 기계 제조업,"반도체 후공정장비,반도체금형 제조/부동산 매매,임대",2005-07-22,12월,곽동신,http://www.hanmisemi.com,인천광역시,2022-08-16,98913267.0,63191838145.0,21258352012.0,12339887153.0,19620043837.0,0.0,33.64,19.53,31.05,101644047903.0,35723010489.0,44653023826.0,29724586638.0,0.0,35.15,43.93,29.24,792.0,70919007455.0,19335218848.0,-6709549187.0,20363486958.0,0.0,27.26,-9.46,28.71,77956607495.0,14279472071.0,38990061613.0,9993408980.0,0.0,18.32,50.02,12.82,820.0,373169401913.0,122419465500.0,52279090690.0,104438304265.0,1055.0,3695.0,3506.0,18.37,24.33,21.43,30.11,6.379999999999999,16.83,-10.895766293547036,
195,195870,KOSPI,해성디에스,전자부품 제조업,반도체 패키지용 Substrate,2016-06-24,12월,조병학,http://www.haesungds.com,경상남도,2022-08-16,16995841.0,199624482801.0,48338090920.0,28726900067.0,39765400258.0,0.0,24.21,14.39,19.92,187522174958.0,29914918871.0,36428279798.0,24323110851.0,0.0,15.95,19.43,12.97,9356.0,137478338064.0,10164555728.0,-8469241967.0,9312023720.0,0.0,7.39,-6.16,6.77,113450090185.0,6073610468.0,-10877261527.0,2240029192.0,0.0,5.35,-9.59,1.97,2188.0,655373012865.0,86329952850.0,57112624480.0,71261704522.0,4192.0,20315.0,17316.0,30.04,15.0,46.05,24.21,16.82,10.6,45.204317721726625,
196,111110,KOSPI,호전실업,봉제의복 제조업,스포츠웨어 및 아웃도어 웨어 OEM,2017-02-02,12월,박용철 박진호,http://www.hojeon.com,서울특별시,2022-08-16,10390778.0,86819852941.0,2813931108.0,-33442401944.0,1227139803.0,0.0,3.24,-38.52,1.41,106487373979.0,6243918393.0,35636643043.0,476170652.0,0.0,5.86,33.47,0.45,472.0,55612176014.0,-2391649079.0,-22662475856.0,-1703314156.0,0.0,-4.3,-40.75,-3.06,76870850539.0,-3195794170.0,42593809177.0,-11653430564.0,0.0,-4.16,55.41,-15.16,-652.0,344867583539.0,20619478511.0,13769158625.0,11774138735.0,1133.0,11231.0,11556.0,1.62,3.89,4.2,9.81,7.54,10.02,56.116626184783115,41.22880411208138
197,133820,KOSPI,화인베스틸,1차 철강 제조업,"조선용 형강(부등변 부등후 앵글, 부등호 앵글, 등변앵글 평철 등)",2014-07-22,12월,장재훈,http://www.finebesteel.com,경상남도,2022-08-16,29551002.0,34513154304.0,2799055552.0,-6950999105.0,1912288752.0,0.0,8.11,-20.14,5.54,45212831173.0,10062468230.0,3778792547.0,8798089960.0,0.0,22.26,8.36,19.46,256.0,23106683615.0,-3962490098.0,3695211002.0,-4796678050.0,0.0,-17.15,15.99,-20.76,22720443154.0,-8138966097.0,4054494025.0,-9339779149.0,0.0,-35.82,17.85,-41.11,-648.0,124076835252.0,5534587867.0,11174821919.0,2374205660.0,80.0,3042.0,2690.0,4.02,1.3,8.41,2.99,25.259999999999998,58.08,49.3643781991949,
198,93370,KOSPI,후성,기초 화학물질 제조업,"불소화물 제조,도매",2006-12-22,12월,허국,http://www.foosungchem.com,경기도,2022-08-16,92596994.0,158587621484.0,52371494258.0,26458448147.0,34796320890.0,0.0,33.02,16.68,21.94,135051110846.0,29017086400.0,38800639679.0,-290059691.0,0.0,21.49,28.73,-0.21,1500.0,63219182855.0,-469015052.0,6383085423.0,-3925046727.0,0.0,-0.74,10.1,-6.21,68264545983.0,-762541100.0,13690466402.0,8629240807.0,0.0,-1.12,20.06,12.64,-168.0,381256774874.0,58138943581.0,83446715705.0,22564471869.0,243.0,3738.0,3061.0,19.88,3.66,40.13,7.96,33.760000000000005,22.61,150.85364018028798,
199,95570,KOSPI,AJ네트웍스,산업용 기계 및 장비 임대업,"렌탈(파렛트, OA장비, 건설장비)",2015-08-21,12월,박대현,http://www.ajnet.co.kr,서울특별시,2022-08-12,46821382.0,295803640038.0,19242745659.0,2986064682.0,10854923388.0,0.0,6.51,1.01,3.67,231171942223.0,15256320579.0,-5686381096.0,441362225.0,0.0,6.6,-2.46,0.19,924.0,240931609871.0,3854976431.0,-4407379720.0,4779675291.0,0.0,1.6,-1.83,1.98,177672260254.0,-2483940918.0,42204489753.0,-781129047.0,0.0,-1.4,23.75,-0.44,408.0,1026749457003.0,45109542821.0,-11318072318.0,76737133075.0,1638.0,7709.0,7742.0,3.17,5.66,11.99,21.17,4.91,8.0,22.77494023983805,
200,282330,KOSPI,BGF리테일,종합 소매업,체인화 편의점,2017-12-08,12월,이건준,http://www.bgfretail.com,서울특별시,2022-08-16,17282608.0,1692224040773.0,37755069529.0,113369985099.0,25988985646.0,0.0,2.23,6.7,1.54,1742951326656.0,49669908433.0,116327471645.0,35667473798.0,0.0,2.85,6.67,2.05,6012.0,1501235771674.0,21631358848.0,76751157726.0,15871350141.0,0.0,1.44,5.11,1.06,1556280875033.0,35553518237.0,120837905557.0,26163559364.0,0.0,2.28,7.76,1.68,3672.0,6781161259022.0,199441703668.0,538147659919.0,147642852239.0,8542.0,47731.0,46828.0,3.87,5.69,12.6,18.24,0.79,0.5700000000000003,12.722070223921758,
201,1460,KOSPI,BYC,봉제의복 제조업,"메리야스,란제리 제조,도매/건축공사/부동산 임대,분양,공급",1975-06-02,12월,김 대 환,http://home.byc.co.kr,서울특별시,2022-08-16,624596.0,35803053704.0,6822316333.0,1042829001.0,4878047056.0,0.0,19.06,2.91,13.62,49507767823.0,9976010595.0,18468425497.0,12620010995.0,0.0,20.15,37.3,25.49,31236.0,35291531602.0,5661185295.0,7015149253.0,6846960252.0,0.0,16.04,19.88,19.4,44613422439.0,6357761037.0,16474182564.0,7305281470.0,0.0,14.25,36.93,16.37,43848.0,164445893789.0,26711346464.0,35707429153.0,29858867785.0,47805.0,797373.0,771398.0,2.77,4.36,3.92,6.2,3.0199999999999996,5.899999999999999,1.4494188231009266,
202,990,KOSPI,DB하이텍,반도체 제조업,반도체 제조,1975-12-12,12월,최창식,http://www.dbhitek.co.kr,경기도,2022-08-12,44408178.0,395024842725.0,181544900393.0,93254113025.0,158684674713.0,158684674713.0,45.96,23.61,40.17,367855453111.0,138146823747.0,169150979699.0,117372295503.0,117372295503.0,37.55,45.98,31.91,14292.0,243736208590.0,60590744587.0,50998531347.0,47810548964.0,47810548964.0,24.86,20.92,19.62,227818846946.0,30403226651.0,95699925876.0,13565936085.0,164432197016.0,13.35,42.01,5.95,4304.0,1214682040178.0,399106778303.0,393129114790.0,316891852008.0,7135.0,30865.0,24906.0,33.88,20.45,46.3,28.65,21.1,24.199999999999996,62.070643918766145,
203,1530,KOSPI,DI동일,상품 중개업,"면사,화섬사,면포,혼방포,스포츠웨어용 신합섬 제조,도매,수출",1964-01-04,12월,"서태원, 손재선",http://www.dong-il.com,서울특별시,2022-08-16,25572618.0,241007941980.0,17668630864.0,-7719725518.0,14276289553.0,0.0,7.33,-3.2,5.92,232445489916.0,12850631663.0,12913754234.0,10399212773.0,0.0,5.53,5.56,4.47,2232.0,194162877751.0,11993624963.0,7982942966.0,9320630481.0,0.0,6.18,4.11,4.8,172932543838.0,6075935013.0,20074387567.0,4013646069.0,0.0,3.51,11.61,2.32,1456.0,813085258056.0,48592979653.0,24848897859.0,42006521551.0,1642.0,23872.0,22426.0,5.35,4.23,9.35,7.32,1.1500000000000004,2.0200000000000005,24.12668413839408,
204,69730,KOSPI,DSR제강,1차 철강 제조업,"와이어로프,각종 경강선,철선제품,PC강선,아연도 강연선 제조",2003-01-28,12월,홍하종,http://www.dsrcorp.com,전라남도,2022-08-12,14399088.0,60917992263.0,7093751065.0,1414302842.0,8370316388.0,0.0,11.64,2.32,13.74,60990582951.0,4502295686.0,-3800317480.0,3695646284.0,0.0,7.38,-6.23,6.06,2324.0,45845471055.0,-437543835.0,513633277.0,1351759937.0,0.0,-0.95,1.12,2.95,45398416265.0,-18968562.0,6185101323.0,11455042.0,0.0,-0.04,13.62,0.03,372.0,207142759596.0,4291637467.0,-13140394540.0,7620490221.0,529.0,11449.0,10683.0,13.05,3.15,20.3,4.95,12.59,7.42,32.8767942855637,
205,7700,KOSPI,F&F홀딩스,기타 금융업,"스포츠웨어(골프웨어) 제조/도서출판(단행본,유아/아동전집류(아인슈타인시리즈),잡지)/이천고속도로휴게소/문구사무용품,수입의류 판매,소매",1984-10-04,12월,박의헌,http://www.fnfholdings.com,서울특별시,2022-08-16,39113363.0,438218951041.0,136578277681.0,124396487465.0,28170737144.0,95169185323.0,31.17,28.39,6.43,565069842756.0,173484001819.0,182059076555.0,40920338768.0,123963100976.0,30.7,32.22,7.24,2880.0,8011589603.0,1390583663.0,84249778243.0,56511719844.0,2088643476.0,17.36,1051.6,705.37,5903880644.0,-1109310990.0,121898661910.0,49195255143.0,168480087893.0,-18.79,2064.72,833.27,5776.0,727126345365.0,223050455460.0,279947856820.0,1912061597858.0,48885.0,64050.0,59169.0,3.72,65.65,4.5,82.62,13.810000000000002,49.489999999999995,5369.812768204023,340.7757205629488
206,1250,KOSPI,GS글로벌,상품 종합 도매업,"수출입업(시멘트,철강금속,전기전자,섬유,기계화학),상품중개,광업,채석업/하수처리 서비스/부동산 임대",1976-06-26,12월,이영환,http://www.gsgcorp.com,서울특별시,2022-08-12,82534233.0,1250815970594.0,23806175111.0,-48464923365.0,11878983174.0,0.0,1.9,-3.87,0.95,1302108016655.0,1082821236.0,-155521615342.0,-7659204605.0,0.0,0.08,-11.94,-0.59,572.0,679474772887.0,8063599045.0,-13988792667.0,2993625299.0,0.0,1.19,-2.06,0.44,641467153599.0,-8942976115.0,29431454002.0,-98850721193.0,0.0,-1.39,4.59,-15.41,144.0,3849040520289.0,38846703450.0,-344280590221.0,23321678873.0,282.0,4408.0,4149.0,2.97,1.62,12.97,6.81,0.71,1.47,84.08571156798736,
207,11200,KOSPI,HMM,해상 운송업,"정기,부정기,전용선,콘테이너선,자동차선,LNG선 해운",1995-10-05,12월,배재훈,http://www.hmm21.com,서울특별시,2022-08-10,489121783.0,4918670000000.0,3148609000000.0,3185430000000.0,3131708000000.0,0.0,64.01,64.76,63.67,4443041000000.0,2698529000000.0,2739542000000.0,2672685000000.0,0.0,60.74,61.66,60.15,25608.0,2428039000000.0,1019289000000.0,1113921000000.0,154072000000.0,0.0,41.98,45.88,6.35,2006532000000.0,567015000000.0,605636000000.0,136794000000.0,0.0,28.26,30.18,6.82,1256.0,13794148000000.0,7377522000000.0,7505033000000.0,5337056000000.0,10911.0,32821.0,21177.0,52.47,29.86,78.02,51.52,22.03000000000001,32.480000000000004,102.57788280995486,
208,1060,KOSPI,JW중외제약,의약품 제조업,"수액제,소화기궤양치료제,항생제,항암제 제조,도매",1976-06-14,12월,"대표이사 신영섭, 이성열(각자 대표이사)",http://www.jw-pharma.co.kr,서울특별시,2022-08-16,23528653.0,156341121486.0,13322625416.0,5775532556.0,9584027756.0,0.0,8.52,3.69,6.13,169469322945.0,12260370288.0,13107566909.0,-6726749694.0,0.0,7.23,7.73,-3.97,1628.0,142094237899.0,9366873700.0,-17546544713.0,4032197696.0,0.0,6.59,-12.35,2.84,144711639722.0,4380333437.0,14285942085.0,-6949120859.0,0.0,3.03,9.87,-4.8,684.0,606584944778.0,31199849285.0,18123982168.0,-967849527.0,-41.0,7357.0,8013.0,5.65,-0.15,22.13,-0.51,1.9299999999999997,4.200000000000001,10.026362643309032,
209,2380,KOSPI,KCC,기타 화학제품 제조업,"건축용단열재,내외장재,스레트,밤라이트,암면,석고보드,판유리 제조",1973-06-25,12월,"정몽진, 정재훈",http://www.kccworld.co.kr,서울특별시,2022-08-16,8886178.0,1637578459759.0,149407770402.0,-76357971358.0,6580389430.0,0.0,9.12,-4.66,0.4,1509739996651.0,74390123248.0,189767517052.0,-184616885040.0,-232181099551.0,4.93,12.57,-12.23,2960.0,1362496816355.0,77353481858.0,1573667237.0,17492944760.0,0.0,5.68,0.12,1.28,1340715709098.0,53852206619.0,354383521283.0,565207548516.0,41301248912.0,4.02,26.43,42.16,7872.0,5874899292339.0,388769767968.0,424043437081.0,-45780239737.0,-5151.0,586737.0,604992.0,0.2,-0.36,0.5,-0.85,3.4399999999999995,0.9100000000000001,20.189525590225465,
210,9070,KOSPI,KCTC,도로 화물 운송업,"화물자동차운송,항만하역,창고보관,컨테이너조작,중량물해상운송",1978-09-29,12월,류주환,http://www.kctc.co.kr,서울특별시,2022-08-16,29996740.0,216234115340.0,10910305909.0,9555540492.0,384580439.0,0.0,5.05,4.42,0.18,207672220059.0,8167962905.0,9636847673.0,61602032.0,0.0,3.93,4.64,0.03,48.0,149324741211.0,4274358194.0,12378231971.0,257133450.0,0.0,2.86,8.29,0.17,130453229525.0,6371313613.0,-3233192514.0,248456441.0,0.0,4.88,-2.48,0.19,32.0,694737899435.0,29603505899.0,33161531629.0,967993217.0,32.0,8024.0,7637.0,0.23,0.18,0.6,0.42,2.19,-0.9499999999999997,44.80796255622181,
211,16380,KOSPI,KG동부제철,1차 철강 제조업,"철강재(냉연강판,아연도강판,칼라강판,석도강판,선재류,강관,형강,봉강),비철금속 제조,도매",1986-02-03,12월,박성희,http://www.kgdongbusteel.co.kr,서울특별시,2022-08-16,100075056.0,982829917875.0,95925103593.0,158678103506.0,68435219090.0,0.0,9.76,16.15,6.96,953982466793.0,49100823534.0,-39096742299.0,30049284545.0,0.0,5.15,-4.1,3.15,2732.0,647803001084.0,48467808543.0,48936658179.0,28046213296.0,0.0,7.48,7.55,4.33,591808861161.0,20230889334.0,14096416904.0,11208603116.0,0.0,3.42,2.38,1.89,1120.0,3354789186331.0,296911904979.0,-47200511321.0,190951002806.0,1908.0,12363.0,11493.0,9.49,6.89,22.1,16.6,2.2799999999999994,1.7300000000000004,51.7174073337702,
212,1390,KOSPI,KG케미칼,기초 화학물질 제조업,"콘크리트혼화제, 비료, 친환경농자재, 수처리제",1989-08-25,12월,"곽정현, 김재익",http://www.kgchem.co.kr,울산광역시,2022-08-16,13865020.0,1367668272663.0,132766595468.0,259943476570.0,25640760501.0,86372513587.0,9.71,19.01,1.87,1352319876758.0,88808211139.0,-24422115831.0,-4114931555.0,0.0,6.57,-1.81,-0.3,7396.0,1006056131633.0,83112845986.0,92420088560.0,41380710964.0,102448003176.0,8.26,9.19,4.11,952305020572.0,50338631846.0,104980966383.0,13889363401.0,0.0,5.29,11.02,1.46,11936.0,4931505172315.0,467167837233.0,147350434702.0,74404413920.0,5366.0,136138.0,128922.0,2.04,1.52,5.43,4.16,1.450000000000001,1.2800000000000002,35.94353532173618,
213,1940,KOSPI,KISCO홀딩스,1차 철강 제조업,지주사업,1989-11-13,12월,"장세홍, 이병제 (각자대표)",http://www.kiscoholdings.co.kr,경상남도,2022-08-16,16175871.0,431197489304.0,39134013853.0,-22725830967.0,23004102004.0,0.0,9.08,-5.27,5.33,460016608923.0,53306464704.0,24479263633.0,31232891042.0,49232526451.0,11.59,5.32,6.79,5688.0,252736723960.0,12853454885.0,-32874460214.0,10697006775.0,0.0,5.09,-13.01,4.23,275211611380.0,13977285470.0,49621442654.0,-10064332934.0,105952955601.0,5.08,18.03,-3.66,2644.0,1580849338970.0,200741467324.0,133232338289.0,113726763359.0,7030.0,89859.0,87829.0,5.21,6.74,6.33,8.0,3.99,6.51,70.61133124929027,
214,30200,KOSPI,KT,전기 통신업,"유무선통신사업,공중전기통신사업,인터넷,전자상거래,네트워크(전용회선,데이터통신,초고속사업 등)",1998-12-23,12월,"구현모, 박종욱",http://www.kt.com,경기도,2022-08-16,261037711.0,6277700000000.0,626619000000.0,836083000000.0,409825000000.0,0.0,9.98,13.32,6.53,6623585000000.0,369393000000.0,1399639000000.0,404585000000.0,0.0,5.58,21.13,6.11,6276.0,6029426000000.0,444155000000.0,1163314000000.0,302624000000.0,0.0,7.37,19.29,5.02,6207250000000.0,161719000000.0,1064696000000.0,67711000000.0,0.0,2.61,17.15,1.09,4636.0,24898005000000.0,1671824000000.0,5561834000000.0,1356878000000.0,5198.0,65368.0,63466.0,4.24,3.65,9.6,8.19,2.6100000000000003,2.97,4.117705400149202,
215,93050,KOSPI,LF,봉제의복 제조업,"기성복, 의류, 잡화, 제조",2006-12-01,12월,"오규식, 김상균 (각자 대표이사)",http://www.lfcorp.com,서울특별시,2022-08-16,29240483.0,450878006973.0,47918302374.0,12048921629.0,45524215140.0,0.0,10.63,2.67,10.1,543108555952.0,58035261578.0,141407630329.0,26323063016.0,0.0,10.69,26.04,4.85,6224.0,398294131544.0,27493834843.0,6504047550.0,8739723471.0,0.0,6.9,1.63,2.19,471263332728.0,32585813346.0,173174919974.0,159210039.0,0.0,6.91,36.75,0.03,1192.0,1793103979720.0,158865864141.0,310840897674.0,118639793428.0,4057.0,53211.0,51242.0,7.08,4.67,11.7,7.92,3.7300000000000004,3.7799999999999994,13.202272206511534,
216,37560,KOSPI,LG헬로비전,텔레비전 방송업,"케이블TV, 인터넷서비스 등",2012-11-09,12월,송구영,http://www.lghellovision.net,서울특별시,2022-08-12,77446866.0,285590397204.0,12863804200.0,42603901520.0,9334609539.0,0.0,4.5,14.92,3.27,283946835938.0,12744354530.0,29897252224.0,6897709027.0,0.0,4.49,10.53,2.43,480.0,257226435119.0,10127264395.0,-20118004020.0,6286441038.0,0.0,3.94,-7.82,2.44,267220557302.0,7941394956.0,52939535384.0,-328711017584.0,0.0,2.97,19.81,-123.01,324.0,1080132280928.0,44492025603.0,69815022115.0,26921862454.0,347.0,8524.0,8423.0,2.52,1.81,5.63,4.13,0.56,1.52,11.026845694097519,
217,10120,KOSPI,LS ELECTRIC,"전동기, 발전기 및 전기 변환 · 공급 · 제어 장치 제조업","고압기기,저압기기,변압기,배전반,PLC,인버터,빌딩설비,공조기,건축배관,자동화기기 제조,동가공",1994-07-11,12월,"구자균, 김동현",http://www.ls-electric.com,경기도,2022-08-16,29995902.0,729663878126.0,40566280052.0,31461058476.0,33300844125.0,34657742283.0,5.56,4.31,4.56,752950810509.0,44297655066.0,-64675808206.0,24180154791.0,22391494114.0,5.88,-8.59,3.21,4440.0,589388869818.0,23352048906.0,18620275375.0,15198898680.0,15728825774.0,3.96,3.16,2.58,610218463057.0,32637743070.0,115169516326.0,20479656984.0,20883534533.0,5.35,18.87,3.36,2024.0,2668264980253.0,155131916609.0,101544478367.0,84736315508.0,2824.0,49859.0,49120.0,4.47,3.03,8.9,5.75,1.5999999999999996,0.5300000000000002,23.800077587368783,
218,680,KOSPI,LS네트웍스,상품 종합 도매업,"혁화,의류,등산용품 도매,제조/부동산 임대",1973-11-15,12월,문성준,http://www.lsnetworks.co.kr,경상남도,2022-08-16,78816536.0,83981889754.0,487456406.0,-14060139712.0,0.0,0.0,0.58,-16.74,0.0,107810440689.0,4647238189.0,2809912947.0,6743690896.0,0.0,4.31,2.61,6.26,0.0,90605912298.0,-2664357065.0,1668387834.0,0.0,0.0,-2.94,1.84,0.0,106567328861.0,-4992878017.0,10500066326.0,-31137886951.0,0.0,-4.69,9.85,-29.22,0.0,390470563901.0,4309069589.0,24412585913.0,60420337517.0,766.0,7193.0,7024.0,0.0,4.61,0.0,10.91,3.52,9.0,-7.310806078762054,
219,1120,KOSPI,LX인터내셔널,상품 중개업,"전자,기계,화공,유류.금속,의류 수출입,도소매",1976-01-30,12월,윤춘성,http://www.lxinternational.co.kr,서울특별시,2022-08-16,38752976.0,4918114586110.0,245713763096.0,-48257866322.0,154355055424.0,0.0,5.0,-0.98,3.14,4550588712910.0,207569373783.0,387507860082.0,92160985212.0,0.0,4.56,8.52,2.03,15932.0,3685179912825.0,113257394184.0,-51390322607.0,61143615562.0,0.0,3.07,-1.39,1.66,3370335420528.0,44752283160.0,87011275677.0,10877274338.0,0.0,1.33,2.58,0.32,6308.0,16686532633651.0,656217086586.0,175589706020.0,350069144537.0,9033.0,69427.0,61524.0,8.29,5.19,22.95,14.68,1.9300000000000002,3.2299999999999995,33.45656663855665,
220,10060,KOSPI,OCI,기초 화학물질 제조업,"타르제품,카본블랙,무수프탈산,농약원제,석탄화학제품,정밀화학제품,플라스틱창호재 제조,판매",1985-07-09,12월,"백우석, 이우현, 김택중(3인, 각자 대표이사)",http://www.oci.co.kr,서울특별시,2022-08-12,23849712.0,1006076445000.0,162009377000.0,75882589000.0,134500216000.0,134158696000.0,16.1,7.54,13.37,1014153917000.0,218035700000.0,-15946799000.0,287578346000.0,289482909000.0,21.5,-1.57,28.36,22556.0,573677884000.0,47018557000.0,22302035000.0,38002120000.0,39757436000.0,8.2,3.89,6.62,564231511000.0,32975178000.0,-127092384000.0,-160043461000.0,742151690000.0,5.84,-22.52,-28.36,6372.0,3243996752000.0,625984935000.0,377690582000.0,647647565000.0,27155.0,148296.0,130978.0,8.47,11.35,15.21,20.73,7.900000000000002,15.66,75.37305743513724,
221,5490,KOSPI,POSCO홀딩스,1차 철강 제조업,"열연코일,냉연강판,후판,선재,스테인리스 제조",1988-06-10,12월,"대표이사 회장 최정우, 대표이사 사장 전중선",http://www.posco.co.kr,서울특별시,2022-08-16,87236204.0,2928765425577.0,2257649688861.0,9414821924.0,1711611321575.0,0.0,77.09,0.32,58.44,21334273351909.0,2368336268990.0,2451239321956.0,1498438951185.0,0.0,11.1,11.49,7.02,78480.0,2137775203952.0,1552441317171.0,570868478208.0,1024735682380.0,0.0,72.62,26.7,47.93,15264210915695.0,863360069216.0,2698563840888.0,701015620977.0,0.0,5.66,17.68,4.59,46984.0,76332345050013.0,9238089232877.0,6259365289022.0,6617238627273.0,75854.0,669966.0,628236.0,6.85,7.23,11.71,12.07,4.469999999999999,5.4399999999999995,37.0006266403846,
222,10950,KOSPI,S-Oil,석유 정제품 제조업,"석유제품,가스,윤활기유,윤활유,그리스,석유화학제품 제조,도매",1987-05-27,12월,Hussain A.Al-Qahtani,http://www.s-oil.com,서울특별시,2022-08-16,112591136.0,9287044000000.0,1331959000000.0,-876573000000.0,870826000000.0,0.0,14.34,-9.44,9.38,8291101000000.0,391289000000.0,1237412000000.0,288545000000.0,0.0,4.72,14.92,3.48,30936.0,5344786000000.0,629215000000.0,559234000000.0,344709000000.0,0.0,11.77,10.46,6.45,4280275000000.0,81672000000.0,1160222000000.0,121141000000.0,0.0,1.91,27.11,2.83,12244.0,27463918000000.0,2140942000000.0,1477165000000.0,1378541000000.0,12243.0,69852.0,62065.0,16.24,7.37,44.29,19.73,2.5700000000000003,2.8099999999999996,73.75894937608354,
223,4060,KOSPI,SG세계물산,상품 종합 도매업,"피복류,봉제품,P.E제품 수출입,도매,제조/조경사업",1976-04-19,12월,이의범,http://www.sgsegye.com,서울특별시,2022-08-16,202432562.0,39187531755.0,1126654889.0,299498492.0,296423069.0,0.0,2.88,0.76,0.76,40079148259.0,293677780.0,5017556913.0,-4527836517.0,-4527836517.0,0.73,12.52,-11.3,4.0,29472813417.0,-1942009214.0,-996238585.0,-1064300273.0,0.0,-6.59,-3.38,-3.61,39702024403.0,-5451931440.0,11656863256.0,13876433.0,58901726878.0,-13.73,29.36,0.03,-20.0,135746679450.0,-4744474966.0,3369193475.0,46959184631.0,231.0,1187.0,1206.0,0.26,15.23,0.34,19.22,9.469999999999999,14.46,32.96162534790969,
224,1770,KOSPI,SHD,1차 철강 제조업,"석도강판,표면처리강판 제조,임가공,판매",1988-11-23,12월,신종호,http://www.shinhwatp.com,경기도,2022-08-12,1214746.0,28271973142.0,2683513780.0,12342480705.0,1967947525.0,0.0,9.49,43.66,6.96,29469052178.0,2181900171.0,-381543704.0,2354932968.0,0.0,7.4,-1.29,7.99,6480.0,23166145869.0,144370135.0,5135446558.0,290722023.0,0.0,0.62,22.17,1.25,22664269254.0,661944523.0,1209224251.0,309361830.0,0.0,2.92,5.34,1.36,956.0,104770706369.0,5712545723.0,-770577690.0,5792585283.0,4768.0,37033.0,33423.0,9.54,8.15,17.5,14.27,8.870000000000001,4.48,22.040037656123072,-34.26860752009248
225,9160,KOSPI,SIMPAC,특수 목적용 기계 제조업,"프레스,자동화장치,자동차부품 제조,도매",1989-07-29,12월,최진식,http://www.simpac.co.kr,인천광역시,2022-08-12,65428156.0,197012100101.0,49760729972.0,55207255390.0,39315015202.0,0.0,25.26,28.02,19.96,232853504863.0,52165318710.0,29588509205.0,35105408817.0,0.0,22.4,12.71,15.08,2400.0,97965365499.0,9422148336.0,1706272441.0,10998325306.0,0.0,9.62,1.74,11.23,104765312043.0,487877995.0,-8253827481.0,26419377208.0,0.0,0.47,-7.88,25.22,672.0,613012779571.0,106401536463.0,63747132643.0,90832862627.0,1388.0,9323.0,8355.0,16.69,10.06,25.74,16.62,15.640000000000002,21.93,101.10382796766173,
226,34730,KOSPI,SK,기타 금융업,"지주회사, 시스템통합(SI), 정보통신사업 관련 컨설팅,조사용역,정보통신기술 연구개발/정보통신기기,소프트웨어 개발,도매",2009-11-11,12월,"최태원, 장동현, 박성하",http://www.sk-inc.com/,서울특별시,2022-08-16,74141081.0,30764058000000.0,3052983000000.0,1036300000000.0,3001204000000.0,2371370000000.0,9.92,3.37,9.76,27106320000000.0,616188000000.0,2948999000000.0,2595255000000.0,2533404000000.0,2.27,10.88,9.57,161916.0,22012784000000.0,1612709000000.0,1758581000000.0,576343000000.0,501486000000.0,7.33,7.99,2.62,19169381000000.0,289828000000.0,3313508000000.0,-315793000000.0,5276958000000.0,1.51,17.29,-1.65,31092.0,98325016000000.0,4935539000000.0,6125170000000.0,5718424000000.0,77128.0,976029.0,884329.0,6.68,3.46,16.59,8.72,2.59,0.76,39.75541667060377,
227,11790,KOSPI,SKC,기타 화학제품 제조업,"폴리에스테르필름,합성수지,LCD용 필름 제조",1997-07-18,12월,박원철,http://www.skc.kr,경기도,2022-08-16,37890200.0,1120605450349.0,133013529245.0,-116648443026.0,64387376799.0,91081051495.0,11.87,-10.41,5.75,937609179005.0,99573148599.0,138289270999.0,-6441566880.0,23441597786.0,10.62,14.75,-0.69,6796.0,744497364924.0,84391353100.0,-62999831055.0,39741058931.0,58567222466.0,11.34,-8.46,5.34,632388507790.0,58955420642.0,209302820634.0,-42560241614.0,139541098443.0,9.32,33.1,-6.73,4192.0,3396056746194.0,464743373689.0,282512631068.0,220852601002.0,5828.0,73976.0,60236.0,3.55,3.57,9.19,9.68,0.5299999999999994,1.299999999999999,50.51839041275774,
228,1740,KOSPI,SK네트웍스,기타 전문 도매업,"종합무역업(전자전기제품,섬유,에너지화학제품,철강금속제품),의류,수입산합판,MDF판매,정보통신사업,에너지유통사업",1977-06-30,12월,박상규,http://www.sknetworks.co.kr,경기도,2022-08-16,248159431.0,2500718000000.0,43310000000.0,179982000000.0,27581000000.0,30710000000.0,1.73,7.2,1.1,2906675000000.0,21286000000.0,86807000000.0,-17960000000.0,-9367000000.0,0.73,2.99,-0.62,444.0,2753815000000.0,26423000000.0,112958000000.0,63831000000.0,6033000000.0,0.96,4.1,2.32,2756875000000.0,8663000000.0,-225691000000.0,-69824000000.0,38031000000.0,0.31,-8.19,-2.53,1028.0,11018140000000.0,121978000000.0,461461000000.0,98672000000.0,397.0,9756.0,9626.0,1.2,1.05,4.55,4.13,0.77,0.42,-9.190777158233214,
229,660,KOSPI,SK하이닉스,반도체 제조업,"반도체,컴퓨터,통신기기 제조,도매",1996-12-26,12월,"박정호, 이석희 (각자대표)",http://www.skhynix.com,경기도,2022-08-16,728080089.0,12155653000000.0,2859615000000.0,5141228000000.0,1978844000000.0,0.0,23.52,42.29,16.28,12376609000000.0,4219524000000.0,5774224000000.0,3316532000000.0,0.0,34.09,46.65,26.8,10868.0,8494188000000.0,1324421000000.0,3206762000000.0,1266663000000.0,0.0,15.59,37.75,14.91,7966225000000.0,958897000000.0,3200146000000.0,1769414000000.0,0.0,12.04,40.17,22.21,6956.0,42997792000000.0,12410340000000.0,19797648000000.0,9602316000000.0,13188.0,91851.0,85417.0,7.03,9.96,11.83,15.44,7.93,22.050000000000004,43.10553286553112,
230,5610,KOSPI,SPC삼립,기타 식품 제조업,"빵,아이스크림,과자,케익,유산균음료,인스턴트식품,병조림,면류,식용유 제조,판매",1975-05-02,12월,황종현,http://www.spcsamlip.co.kr,경기도,2022-08-16,8629169.0,724801994095.0,13589072564.0,-23449908965.0,7819816058.0,7819813370.0,1.87,-3.24,1.08,833144198448.0,27284837231.0,17059342908.0,18561832895.0,18561701689.0,3.27,2.05,2.23,3624.0,652540817229.0,10442491908.0,26968498921.0,6232040233.0,6241289919.0,1.6,4.13,0.96,675122025337.0,21721444219.0,37453040194.0,4306995986.0,57171509542.0,3.22,5.55,0.64,2888.0,2946653786654.0,66177207700.0,96896093322.0,40445485706.0,4687.0,40540.0,38825.0,2.51,3.31,8.94,12.07,0.27,0.04999999999999982,11.07381714033698,
231,11810,KOSPI,STX,상품 종합 도매업,"에너지 원료(석탄,석유),산업기자재(기계부품) 도매",1990-09-12,12월,박상준,http://www.stx.co.kr,경상남도,2022-08-12,28619474.0,295380000000.0,5077000000.0,1531000000.0,1580000000.0,0.0,1.72,0.52,0.53,276898000000.0,12177000000.0,-26529000000.0,-5718000000.0,-23318000000.0,4.4,-9.58,-2.07,220.0,201252000000.0,-4863000000.0,4538000000.0,-2984000000.0,0.0,-2.42,2.25,-1.48,156326000000.0,-6809000000.0,-15466000000.0,-8974000000.0,-23318000000.0,-4.36,-9.89,-5.74,-416.0,925509000000.0,9040000000.0,-12528000000.0,-15275000000.0,-533.0,4793.0,4281.0,0.88,-2.26,4.59,-12.47,4.14,8.760000000000002,46.771212211555664,
232,2710,KOSPI,TCC스틸,1차 철강 제조업,"석도강판,표면처리강판 제조,판매",1984-12-21,12월,"손봉락, 조석희, 손기영 (각자대표)",http://www.tccsteel.com,경상북도,2022-08-12,23498537.0,136722700945.0,8690799822.0,-11266750884.0,4630919393.0,4551135319.0,6.36,-8.24,3.39,151933702439.0,10056947733.0,6706996154.0,16587026590.0,16929000026.0,6.62,4.41,10.92,788.0,116809168229.0,1502793095.0,6117753886.0,1204349662.0,1039205104.0,1.29,5.24,1.03,107105709170.0,-1163478398.0,1889909971.0,-1597086077.0,28650976085.0,-1.09,1.76,-1.49,204.0,536651129324.0,25597715868.0,7630670677.0,28807250405.0,1225.0,7266.0,6605.0,4.8,7.85,10.84,18.56,5.07,7.71,17.04791928400711,-49.97911113397003
233,24070,KOSPI,WISCOM,플라스틱제품 제조업,"플라스틱제품(PVC컴파운드,ABS,PS가공) 제조,도매,임가공",1996-11-22,12월,구영일,http://www.wiscom.co.kr,경기도,2022-08-16,15326526.0,34697031938.0,562565521.0,2376539055.0,232876764.0,0.0,1.62,6.85,0.67,31521962846.0,538496447.0,-329953367.0,-1368905.0,0.0,1.71,-1.05,-0.0,60.0,28642354847.0,-35115951.0,-161432423.0,670263336.0,0.0,-0.12,-0.56,2.34,26813917148.0,-804524052.0,1971425824.0,-744682710.0,0.0,-3.0,7.35,-2.78,172.0,117607135078.0,-34184360.0,525775422.0,1211761877.0,79.0,7954.0,7838.0,0.65,0.9,0.75,1.01,1.7400000000000002,4.71,21.138894212233975,
234,37270,KOSPI,YG PLUS,"자료처리, 호스팅, 포털 및 기타 인터넷 정보매개 서비스업","광고대행,광고물 제작",2003-08-01,12월,최성준,http://www.ygplus.com,서울특별시,2022-08-16,63437241.0,30475361684.0,3791310740.0,5783496382.0,6370732073.0,3874118974.0,12.44,18.98,20.9,41979981897.0,8815971603.0,-594712398.0,13905189282.0,14942672562.0,21.0,-1.42,33.12,400.0,26597655024.0,1426338451.0,-1407601221.0,3197994548.0,1834822609.0,5.36,-5.29,12.02,33367727671.0,3151697221.0,201863040.0,-3285827636.0,21076063421.0,9.45,0.6,-9.85,200.0,154302563674.0,25571451133.0,7800716725.0,21926213919.0,345.0,2523.0,2297.0,10.7,9.83,15.85,15.05,7.079999999999999,11.55,14.57912983870574,
235,500,KOSPI,가온전선,절연선 및 케이블 제조업,"전력선,통신케이블 제조,도매,수출입",1987-06-08,12월,윤재인,http://www.gaoncable.com,경기도,2022-08-16,4160440.0,333158174715.0,6198518099.0,12605751548.0,3852777425.0,0.0,1.86,3.78,1.16,298380759468.0,5467663331.0,-10559927851.0,531730783.0,0.0,1.83,-3.54,0.18,3704.0,235967839719.0,3754854186.0,24573298146.0,1989912337.0,0.0,1.59,10.41,0.84,203995076888.0,1113144645.0,-42974111580.0,1349806194.0,0.0,0.55,-21.07,0.66,1912.0,1070383204799.0,16571777888.0,-11282515897.0,5854428912.0,1407.0,65075.0,64443.0,2.09,0.89,5.69,2.18,0.27,1.28,41.187958118249576,
236,11420,KOSPI,갤럭시아에스엠,스포츠 서비스업,"스포츠중계권,스포츠마케팅,광고",1989-11-14,12월,이반석,http://galaxiasme.com,서울특별시,2022-08-16,27551691.0,5892300621.0,960598346.0,1547415706.0,1220203997.0,0.0,16.3,26.26,20.71,8373608845.0,980203689.0,3096245395.0,1713368925.0,0.0,11.71,36.98,20.46,176.0,3624026266.0,-70167869.0,59531650.0,-140994119.0,0.0,-1.94,1.64,-3.89,6105753467.0,534442398.0,2320047708.0,655622684.0,0.0,8.75,38.0,10.74,-20.0,28899466709.0,3452414932.0,1611958687.0,3681735226.0,133.0,1344.0,1199.0,10.7,9.0,13.09,11.14,18.240000000000002,2.960000000000001,62.58989832056587,
237,50,KOSPI,경방,종합 소매업,"섬유류(면사,면혼방사,면직물,면혼방직물,화섬사,화섬직물) 제조,도매,수출입",1956-03-03,12월,"김준, 김담",http://www.kyungbang.co.kr,서울특별시,2022-08-12,27415089.0,96786200686.0,18642739078.0,8574484206.0,15130863802.0,0.0,19.26,8.86,15.63,113349298945.0,22272864590.0,23376245542.0,4261383664.0,0.0,19.65,20.62,3.76,2204.0,82570752134.0,13337575719.0,-6329245512.0,6839488183.0,0.0,16.15,-7.67,8.28,84699212816.0,10542210480.0,16697868192.0,6762079653.0,0.0,12.45,19.71,7.98,996.0,383357144805.0,53796815200.0,20910159298.0,22281521113.0,812.0,27889.0,27435.0,4.75,1.75,7.9,2.96,3.110000000000003,7.199999999999999,17.216082189648034,
238,12610,KOSPI,경인양행,기초 화학물질 제조업,"반응성염료,직접염료,산성염료,삼원색원료 제조,수출입",1995-10-05,12월,"김흥준,조성용 (각자대표이사)",http://www.kyungin.co.kr,인천광역시,2022-08-16,41610893.0,113852837476.0,12143244506.0,7767678066.0,7576926803.0,8777373864.0,10.67,6.82,6.66,111498299363.0,11788545931.0,7628369322.0,6918415196.0,7854558507.0,10.57,6.84,6.2,728.0,94200315116.0,2857809622.0,9613705966.0,5610760283.0,6177961230.0,3.03,10.21,5.96,80681963827.0,743699776.0,16192417940.0,-5670302068.0,29235338274.0,0.92,20.07,-7.03,536.0,403325658612.0,28354678017.0,9230962632.0,24374478668.0,585.0,6342.0,6052.0,5.13,4.21,11.48,9.68,7.640000000000001,9.65,20.86248048724627,
239,2240,KOSPI,고려제강,1차 철강 제조업,"PC강선,선재 2차제품,와이어로프,비드와이어,SC(Surpass Coat) Stand,각종선재 제조,도매",1976-05-25,12월,"이이문, 주종대 (각자대표)",http://www.kiswire.com,부산광역시,2022-08-12,22998780.0,516133481149.0,49536573425.0,-35980911974.0,43479308171.0,0.0,9.6,-6.97,8.42,481688989284.0,26354068343.0,-35211856761.0,31765640719.0,0.0,5.47,-7.31,6.59,7560.0,400188945846.0,23136275760.0,-8956430243.0,32721897984.0,0.0,5.78,-2.24,8.18,373674355974.0,19181666294.0,65008555249.0,20220613813.0,0.0,5.13,17.4,5.41,5688.0,1691354877090.0,98526648327.0,39463449669.0,129802452238.0,5643.0,74408.0,71225.0,6.72,5.25,10.16,7.92,3.8199999999999994,0.33999999999999986,28.972448266379043,
240,17040,KOSPI,광명전기,"전동기, 발전기 및 전기 변환 · 공급 · 제어 장치 제조업","수배전반,가스절연개폐장치,빌딩자동화시스템,중앙감시반,자동제어반 제조,도소매,무역",1990-09-14,12월,"이재광,조광식",http://www.kmec.co.kr,경기도,2022-08-16,43333285.0,40274697215.0,2640166512.0,-4838140498.0,2576464389.0,0.0,6.56,-12.01,6.4,54141382759.0,2605721636.0,8542439020.0,1575205985.0,1730759987.0,4.81,15.78,2.91,236.0,21103419122.0,-192775311.0,-2582840941.0,397377992.0,0.0,-0.91,-12.24,1.88,32754825817.0,1099270925.0,8575638895.0,301205776.0,1605518678.0,3.36,26.18,0.92,36.0,137092770026.0,2865250702.0,-2536009250.0,5817611043.0,134.0,2741.0,2656.0,6.02,3.42,8.61,5.05,7.47,1.4499999999999997,90.84441711634409,
241,7690,KOSPI,국도화학,기초 화학물질 제조업,"에폭시수지,폴리아마이드수지,아염소산소다 제조,도소매",1989-08-05,12월,"이시창, 허연진",http://www.kukdo.com,서울특별시,2022-08-16,9011115.0,416572714925.0,35559644505.0,-1115377070.0,32932099710.0,0.0,8.54,-0.27,7.91,416424298523.0,43697871080.0,63368195657.0,32966439312.0,0.0,10.49,15.22,7.92,14616.0,310928164228.0,26342644023.0,-33145547488.0,19927637749.0,0.0,8.47,-10.66,6.41,274173662662.0,11156321935.0,15145930099.0,5682701711.0,0.0,4.07,5.52,2.07,8844.0,1577111746723.0,204707042943.0,-25929996085.0,157700490249.0,17500.0,96765.0,90437.0,8.83,11.13,15.1,19.35,0.06999999999999851,6.42,33.97715705790231,
242,5320,KOSPI,국동,생활용품 도매업,"셔츠,스웨터,파자마(섬유제품) 제조,판매,수출/부동산 임대",1996-12-24,12월,오창규,http://www.kd.co.kr,서울특별시,2022-08-12,55209784.0,70554779462.0,1454841260.0,-6883771205.0,1239465989.0,0.0,2.06,-9.76,1.76,68198692514.0,643249617.0,7658791685.0,-2205129443.0,0.0,0.94,11.23,-3.23,88.0,42992963743.0,-3014185035.0,-16888130956.0,-1684866069.0,0.0,-7.01,-39.28,-3.92,45257809160.0,-7654653031.0,-9179124553.0,-12353263292.0,0.0,-16.91,-20.28,-27.3,-120.0,226961774057.0,-3587448466.0,-25316836611.0,-7948938059.0,-143.0,1962.0,1854.0,2.84,-4.72,4.49,-7.77,9.07,17.85,64.10773605596692,
243,83420,KOSPI,그린케미칼,기타 화학제품 제조업,"비이온계면활성제 제조,도매",2005-10-20,12월,양준화,http://www.korgc.com,충청남도,2022-08-12,24001434.0,97338388131.0,6413952136.0,1004826740.0,5527659456.0,0.0,6.59,1.03,5.68,83259485947.0,7632693717.0,5469125262.0,5081421047.0,0.0,9.17,6.57,6.1,920.0,65554971865.0,3529278628.0,-2611626509.0,3007872397.0,0.0,5.38,-3.98,4.59,64120885673.0,3402637260.0,8518930045.0,2155987448.0,0.0,5.31,13.29,3.36,500.0,286224270189.0,20850251543.0,15654812185.0,15928806384.0,663.0,5400.0,5141.0,9.79,7.52,17.03,12.91,1.21,3.8600000000000003,48.48360904105469,
244,14530,KOSPI,극동유화,석유 정제품 제조업,"윤활유,유동파라핀,왁스,방수용시트,아스팔트 제조/수입자동차,부품 도매/가스충전,산업설비 청소",1991-01-31,12월,"장홍선, 장선우 (각자대표)",http://www.kdoc.co.kr,경상남도,2022-08-16,34865991.0,275378597948.0,7079103503.0,469997526.0,6350058422.0,0.0,2.57,0.17,2.31,278045162298.0,4851842819.0,5657119476.0,-2297251392.0,0.0,1.74,2.03,-0.83,728.0,177466891744.0,4595419871.0,-3894383614.0,3767444274.0,0.0,2.59,-2.19,2.12,167256777518.0,2878041094.0,-1035276186.0,-1727096060.0,0.0,1.72,-0.62,-1.03,432.0,964831742550.0,20485805841.0,-14225849529.0,11402756101.0,327.0,5378.0,5222.0,7.46,3.54,13.53,6.26,-0.020000000000000018,0.020000000000000018,55.17181556616196,
245,14280,KOSPI,금강공업,1차 철강 제조업,"건설가설재,강관,거푸집 제조,판매",1988-09-10,12월,"전장열, 이범호 (각자 대표이사)",http://www.kumkangkind.com,부산광역시,2022-08-16,29329279.0,173504737038.0,12021035256.0,-7379671958.0,9254311924.0,0.0,6.93,-4.25,5.33,145112783780.0,3627647289.0,-20624873906.0,5338300652.0,0.0,2.5,-14.21,3.68,1260.0,132412600790.0,4948937196.0,3131333228.0,2235592579.0,0.0,3.74,2.36,1.69,125689223636.0,-3074221954.0,1422925700.0,-11828742228.0,0.0,-2.45,1.13,-9.41,304.0,570535532536.0,25916332127.0,-20224457864.0,19911213396.0,678.0,13565.0,13183.0,4.11,2.29,9.29,5.15,3.1899999999999995,4.95,31.03340316770165,
246,4270,KOSPI,남성,기타 전문 도매업,"수출입(카오디오)/통신기기 제조,판매/이동통신,유선방송,정보통신/생활필수품,식품 판매/부동산 임대",1989-11-14,12월,윤봉수 윤성호,http://www.namsung.com,서울특별시,2022-08-16,36215579.0,30132288285.0,3324547568.0,597817301.0,2992384809.0,0.0,11.03,1.98,9.93,35901602971.0,3788664833.0,1282105960.0,3382617117.0,0.0,10.55,3.57,9.42,328.0,23489451264.0,1822955773.0,2533291805.0,2139468333.0,0.0,7.76,10.78,9.11,27794631203.0,-2825445691.0,1098450114.0,-9176135471.0,0.0,-10.17,3.95,-33.01,236.0,102320290934.0,6945078322.0,-2012884394.0,7085556712.0,195.0,4505.0,3274.0,3.37,2.45,7.28,5.98,3.2699999999999996,20.72,28.28008601112292,
247,25860,KOSPI,남해화학,"비료, 농약 및 살균, 살충제 제조업","비료(요소,복합비료),공업제품원료 제조,도매",1995-11-10,12월,하형수,http://www.nhchem.co.kr,서울특별시,2022-08-16,49676409.0,601271342022.0,47865764201.0,-155044093863.0,36299879650.0,0.0,7.96,-25.79,6.04,403936869690.0,12287667489.0,-43133557174.0,14424217318.0,0.0,3.04,-10.68,3.57,2920.0,306380261404.0,3125649236.0,-68464471447.0,2914284044.0,0.0,1.02,-22.35,0.95,214435100222.0,-4900592923.0,36406531550.0,-2840239002.0,0.0,-2.29,16.98,-1.32,232.0,1451884407283.0,20481749724.0,-118071166535.0,21664019600.0,436.0,10621.0,9493.0,14.49,3.01,27.49,4.59,6.9399999999999995,5.33,96.25002579038534,203.99616049190553
248,4370,KOSPI,농심,기타 식품 제조업,"라면,스낵,유지 제조,도매,수출입",1976-06-30,12월,"박준,이병학",http://www.nongshim.com,서울특별시,2022-08-16,6082484.0,736304711112.0,34322105440.0,89553882057.0,33038963009.0,0.0,4.66,12.16,4.49,707654441045.0,31438314761.0,41811166796.0,27171949078.0,0.0,4.44,5.91,3.84,21724.0,634417148367.0,28308722145.0,44248786836.0,29002494117.0,0.0,4.46,6.97,4.57,632619619536.0,26019033400.0,31391613508.0,34083207489.0,0.0,4.11,4.96,5.39,19072.0,2662982988213.0,106139720895.0,162684342404.0,99828002252.0,16412.0,372436.0,361820.0,4.42,3.44,5.83,4.54,0.20000000000000018,0.33000000000000007,16.060026594057277,
249,58730,KOSPI,다스코,"구조용 금속제품, 탱크 및 증기발생기 제조업","데크플레이트,도로안전시설물(가드레일,강재방호책),건축용단열재보드(경질우레탄보드),신재생에너지사업",2004-08-02,12월,한상원,http://www.dasco.kr,전라남도,2022-08-16,18085214.0,80286430690.0,1310006276.0,22196089125.0,-117856678.0,0.0,1.63,27.65,-0.15,115899386101.0,1996497177.0,-1850191978.0,2038982952.0,0.0,1.72,-1.6,1.76,-24.0,53183270463.0,-3575630414.0,9128968070.0,-3326295201.0,0.0,-6.72,17.17,-6.25,79932208171.0,-4577835074.0,-18090338627.0,-5494471340.0,0.0,-5.73,-22.63,-6.87,-732.0,363600169196.0,4312963481.0,-13031530409.0,-2427943894.0,-134.0,6881.0,6931.0,-0.15,-0.81,-0.35,-1.94,8.35,7.45,50.9618156067628,
250,353200,KOSPI,대덕전자,전자부품 제조업,"PCB(Printed Circuit Board, 인쇄회로기판)의 제조 및 판매",2020-05-21,12월,신영환,http://www.daeduck.com,경기도,2022-08-12,49409893.0,305351615827.0,44772597751.0,56075447436.0,36397658594.0,36397658594.0,14.66,18.36,11.92,280951475082.0,26806414302.0,126917768405.0,18694273352.0,21313104251.0,9.54,45.17,6.65,2944.0,233643847079.0,6709070817.0,-24550758309.0,12530750910.0,13550144147.0,2.87,-10.51,5.36,214417005258.0,-5735381416.0,59186966209.0,-12048714249.0,59793502287.0,-2.67,27.6,-5.62,1012.0,1000931518781.0,72467127013.0,203808775837.0,63027288650.0,1275.0,14529.0,13800.0,13.19,6.7,20.26,9.24,11.79,12.209999999999999,30.691058054592833,
251,6570,KOSPI,대림통상,기타 금속 가공제품 제조업,"수전금구,비데,위생도기,샤워부스,타일,양식기,무역",1975-11-20,12월,"고은희, 이지용",http://www.dlt.co.kr,서울특별시,2022-08-16,15201033.0,42237522906.0,1870396248.0,-341139871.0,1156535665.0,0.0,4.43,-0.81,2.74,44431207514.0,3084542296.0,351029036.0,975681014.0,0.0,6.94,0.79,2.2,304.0,35432099534.0,-558183799.0,1000723606.0,-862554573.0,0.0,-1.58,2.82,-2.43,37551184407.0,-2444403424.0,-678043422.0,-8640400887.0,0.0,-6.51,-1.81,-23.01,-224.0,155229119203.0,2943841594.0,-2709490729.0,285043364.0,18.0,5210.0,5008.0,2.74,0.17,5.83,0.37,6.01,13.45,19.206943594944576,
252,128820,KOSPI,대성산업,연료 소매업,"주요소운영,기계판매 등",2010-07-30,12월,"김영대,이은우(공동대표)",http://www.daesung.co.kr,서울특별시,2022-08-16,45239451.0,458810186084.0,16422823883.0,13241249125.0,6922217140.0,8523848847.0,3.58,2.89,1.51,395075151249.0,10858399550.0,3918954266.0,-51999315948.0,-26495344365.0,2.75,0.99,-13.16,612.0,239976901101.0,5473975011.0,-9452305612.0,-249764892.0,1467678793.0,2.28,-3.94,-0.1,247472104045.0,4597815144.0,54375264497.0,51209099618.0,-21468155879.0,1.86,21.97,20.69,-20.0,1129133659980.0,19343532632.0,-22278857829.0,-60948783298.0,-1347.0,9914.0,10187.0,1.76,-3.69,6.17,-13.22,1.3000000000000003,0.8899999999999999,91.18931196252876,
253,9190,KOSPI,대양금속,1차 철강 제조업,스테인레스 냉연강판 제조,1994-04-29,12월,조상종,http://www.daiyangmetal.co.kr,충청남도,2022-08-10,32356411.0,68951947165.0,10188800396.0,3341020178.0,9458549049.0,0.0,14.78,4.85,13.72,61667182915.0,6165811811.0,4403276020.0,6982357358.0,0.0,10.0,7.14,11.32,1168.0,39572005485.0,1323518721.0,-401030881.0,1859419189.0,0.0,3.34,-1.01,4.7,33623832119.0,-537549745.0,1693716902.0,-1805220765.0,0.0,-1.6,5.04,-5.37,228.0,203423901636.0,15188009078.0,-5352046822.0,15243418346.0,471.0,3714.0,3077.0,20.95,9.68,31.44,15.31,11.44,11.6,74.24425757531202,
254,3220,KOSPI,대원제약,의약품 제조업,"의약품(해열소염진통제,진해거담제,동맥경화용제,혈압강하제 등), 건강기능식품(프로바이오틱스 등)",1999-12-15,12월,"백승호,백승열",http://www.daewonpharm.com,서울특별시,2022-08-16,21845535.0,117056615266.0,13920988565.0,9210777037.0,10505252315.0,0.0,11.89,7.87,8.97,100958239652.0,10713698733.0,11987065363.0,5748744479.0,0.0,10.61,11.87,5.69,1920.0,74993570919.0,-2270701307.0,-6101970534.0,-8080616002.0,0.0,-3.03,-8.14,-10.78,77467918283.0,1565361833.0,7534463550.0,2190509202.0,0.0,2.02,9.73,2.83,-1476.0,354176435161.0,19425905258.0,22413390635.0,6988825613.0,319.0,10466.0,9997.0,9.12,1.63,18.34,3.2,14.92,8.59,56.088867127599485,
255,15230,KOSPI,대창단조,자동차 신품 부품 제조업,"자동차,중장비 부품(크랭크샤프트,트랙링크조립체,커넥팅로드,중장비롤러류),기어,동력전달장치,단조가공품,단조품 제조",1989-07-25,12월,박권일,http://www.dcf.co.kr,경상남도,2022-08-16,28571677.0,95749050659.0,11156429760.0,5198369963.0,7965591538.0,0.0,11.65,5.43,8.32,109691025515.0,10368851705.0,-5998642659.0,7983582702.0,0.0,9.45,-5.47,7.28,1112.0,83821732754.0,5988625952.0,272010056.0,9725536428.0,0.0,7.14,0.32,11.6,76448160130.0,3619732697.0,-4582730260.0,1241762422.0,0.0,4.73,-5.99,1.62,1360.0,354439661796.0,29506417898.0,-13449641847.0,26643056493.0,932.0,8482.0,7950.0,9.51,8.93,13.11,11.73,4.510000000000001,4.719999999999999,14.229385999457072,44.28122872329594
256,84010,KOSPI,대한제강,1차 철강 제조업,"제강,철재,철근,환봉,마환봉,빌레트 제조",2005-10-31,12월,"이경백, 한성민 각자대표",http://www.idaehan.com,부산광역시,2022-08-16,24647921.0,569762127076.0,53398323852.0,-34819993374.0,38457340263.0,0.0,9.37,-6.11,6.75,613003689519.0,55063842487.0,93326392180.0,30124642990.0,0.0,8.98,15.22,4.91,6240.0,358454045415.0,13223970113.0,22584106643.0,20663037919.0,0.0,3.69,6.3,5.76,375922283736.0,27387513207.0,108156996408.0,-20495355450.0,0.0,7.29,28.77,-5.45,3352.0,2030305293579.0,201800787108.0,147565209340.0,141578175476.0,5744.0,29398.0,29219.0,11.42,11.49,21.23,19.66,5.68,1.6900000000000004,58.94983872098811,1329.3658449514176
257,3490,KOSPI,대한항공,항공 여객 운송업,"여객운송,화물운송,항공기 제조,판매,정비수리/기내식 제조판매,면세품 판매",1966-03-18,12월,"조원태, 우기홍",http://www.koreanair.com,서울특별시,2022-08-12,368209374.0,2884257098465.0,773092247067.0,1119316939574.0,532619942734.0,0.0,26.8,38.81,18.47,2907512024751.0,703747775508.0,1170521469827.0,409561527973.0,411767341044.0,24.2,40.26,14.09,5784.0,1792816354047.0,100973038995.0,510574675134.0,-53651166071.0,0.0,5.63,28.48,-2.99,1909996038608.0,117062091289.0,426859996928.0,426659604520.0,1233122169559.0,6.13,22.35,22.34,-580.0,9016824640301.0,1417968632826.0,3514195624777.0,577683539995.0,1568.0,21374.0,18646.0,7.68,2.17,27.06,8.41,21.17,18.07,60.878558027108845,
258,5880,KOSPI,대한해운,해상 운송업,"외항화물운송,국제해운대리점",1992-04-23,12월,김만태,http://www.korealines.co.kr,서울특별시,2022-08-16,319207789.0,349827261293.0,73577523919.0,94091478182.0,62287808675.0,0.0,21.03,26.9,17.81,350196247239.0,62243652223.0,132839926868.0,48632138166.0,0.0,17.77,37.93,13.89,780.0,225530574049.0,40743866839.0,61717064267.0,49514897377.0,0.0,18.07,27.37,21.95,222181030094.0,36321383535.0,14434986283.0,5963448981.0,0.0,16.35,6.5,2.68,620.0,1153843059443.0,203921089342.0,319723281927.0,246168666887.0,771.0,5614.0,4755.0,5.86,6.38,13.89,16.22,2.960000000000001,1.4199999999999982,55.113009740752325,
259,16090,KOSPI,대현,봉제의복 제조업,"여성의류 및 악세사리류 제조,도매,유통(백화점)",1990-09-20,12월,신현균,http://www.daehyun.co.kr,서울특별시,2022-08-16,44282889.0,78642410693.0,7030435061.0,12337464787.0,5911421601.0,0.0,8.94,15.69,7.52,96967517547.0,12037762855.0,6579463223.0,10321353790.0,0.0,12.41,6.79,10.64,532.0,70096923651.0,5665551056.0,10035213842.0,4265295108.0,0.0,8.08,14.32,6.08,81358321151.0,3069476476.0,72332534.0,2956735503.0,0.0,3.77,0.09,3.63,384.0,287896441056.0,22414773991.0,30688795560.0,19243108431.0,434.0,5255.0,4991.0,8.33,6.87,10.12,8.71,0.8599999999999994,8.64,12.190958742421346,
260,4830,KOSPI,덕성,플라스틱제품 제조업,"플라스틱레쟈,합성수지,합성피혁 제조,도매",1987-09-25,12월,"이봉근, 김성진 (각자대표이사)",http://www.duksung21.com,경기도,2022-08-16,15678280.0,36956730728.0,3011593252.0,2197443447.0,2315116251.0,0.0,8.15,5.95,6.26,33732965892.0,1463434837.0,1798486892.0,1468932151.0,0.0,4.34,5.33,4.35,588.0,26465281970.0,1556277361.0,1958329933.0,3018635088.0,0.0,5.88,7.4,11.41,28163367218.0,911232490.0,1316799520.0,-80459644.0,0.0,3.24,4.68,-0.29,768.0,115176863547.0,3979104643.0,7295441175.0,5922938815.0,377.0,5622.0,5421.0,7.06,4.73,10.46,6.97,2.2700000000000005,1.0999999999999996,39.642308628688305,
261,145720,KOSPI,덴티움,의료용 기기 제조업,치과용 기기 제조업,2017-03-15,12월,유재홍,http://www.dentium.co.kr,서울특별시,2022-08-12,11069334.0,74528714132.0,20397903600.0,4666334763.0,15679343326.0,0.0,27.37,6.26,21.04,94066731101.0,27271284507.0,31247256050.0,18527376815.0,0.0,28.99,33.22,19.7,5664.0,53797694947.0,10638934594.0,9433530652.0,8560006428.0,0.0,19.78,17.54,15.91,75400605881.0,17327676994.0,41070521300.0,11331585466.0,0.0,22.98,54.47,15.03,3092.0,291529687471.0,69882395499.0,74111673803.0,55484056506.0,5012.0,29526.0,26297.0,10.81,9.73,19.18,19.06,7.59,6.009999999999998,38.53514394143397,
262,1230,KOSPI,동국제강,1차 철강 제조업,"후판,철근,강판,형강,앵글,찬넬,평철 제조,판매",1988-05-09,12월,"장세욱, 김연극",http://www.dongkuk.co.kr,서울특별시,2022-08-16,95416301.0,2131317295529.0,205825157067.0,329257073531.0,268136545876.0,0.0,9.66,15.45,12.58,2119483471744.0,188074819197.0,3990920824.0,185377465959.0,0.0,8.87,0.19,8.75,11240.0,1395774735235.0,109430749372.0,57397875273.0,25070218788.0,0.0,7.84,4.11,1.8,1378375463813.0,53048327394.0,309726817787.0,86592187158.0,0.0,3.85,22.47,6.28,1048.0,7240296531105.0,803015420425.0,125744822816.0,550532050255.0,5769.0,33829.0,29160.0,16.34,8.69,33.23,19.79,1.8200000000000003,5.02,52.69779870103181,
263,8970,KOSPI,동양철관,1차 철강 제조업,"수도용 도복장 강관,주물(강관말뚝),가스관 제조/아파트건설",1977-03-05,12월,이곽우,http://www.dysp.co.kr,충청남도,2022-08-12,118905713.0,57420601972.0,1142000795.0,13995899341.0,524686106.0,0.0,1.99,24.37,0.91,63303402068.0,456901913.0,-22656305360.0,-159966903.0,0.0,0.72,-35.79,-0.25,16.0,49714648879.0,697475834.0,3995630312.0,759763854.0,0.0,1.4,8.04,1.53,42510929520.0,209540495.0,-7198548977.0,-303331916.0,0.0,0.49,-16.93,-0.71,24.0,182021205252.0,-3231448525.0,-32794604413.0,-3773151787.0,-31.0,712.0,707.0,0.89,-2.03,2.25,-4.48,0.5900000000000001,0.22999999999999998,15.500367128721845,
264,30720,KOSPI,동원수산,어로 어업,"원양어업/수산물 제조,가공/참치어류 냉동냉장업",1996-11-22,12월,단독대표이사 사장 왕기철,http://www.dongwonfish.co.kr,서울특별시,2022-08-16,4654392.0,42992690582.0,2183299421.0,287719485.0,1512651977.0,0.0,5.08,0.67,3.52,35730255506.0,2900509393.0,-1573720979.0,2948297715.0,0.0,8.12,-4.4,8.25,1296.0,28494370620.0,-284023834.0,-9032023240.0,204535601.0,0.0,-1.0,-31.7,0.72,37060028710.0,-5504613286.0,5474774474.0,-6122550127.0,0.0,-14.85,14.77,-16.52,172.0,144619089023.0,6227066287.0,4944643690.0,7462791024.0,1603.0,13376.0,12250.0,5.77,7.39,9.69,13.09,6.08,22.97,50.8813483033162,
265,4890,KOSPI,동일산업,1차 철강 제조업,"봉강,합금철,철근,마봉강,냉간압조용선재,주조,지선,주강,다이아몬드공구 제조,도매",2005-06-30,12월,"오순택, 오승민",http://www.dongil.co.kr,경상북도,2022-08-16,2425173.0,126160604696.0,10518475250.0,9985555018.0,10379363677.0,0.0,8.34,7.91,8.23,136651827082.0,13353925805.0,764011589.0,10528403196.0,0.0,9.77,0.56,7.7,17116.0,102497221653.0,5827328235.0,4178327673.0,7494714123.0,0.0,5.69,4.08,7.31,89351086926.0,1688219365.0,-1876940851.0,1924045898.0,0.0,1.89,-2.1,2.15,12360.0,464419157825.0,42048806893.0,22580276619.0,43781037304.0,18052.0,171505.0,165776.0,8.17,9.24,9.98,10.89,2.6499999999999995,7.88,23.08685314721152,
266,2690,KOSPI,동일제강,1차 철강 제조업,"PC강연선, 경강선, 도금선, 마봉강",2015-09-24,12월,"임범수, 김우진",http://www.dongil-steel.com,경기도,2022-08-16,20301931.0,49172132984.0,3913793974.0,-3324058825.0,3244280949.0,0.0,7.96,-6.76,6.6,49610358173.0,395698325.0,-6397356663.0,1165086477.0,0.0,0.8,-12.9,2.35,636.0,37758321524.0,1317711622.0,-1220323091.0,1297037606.0,0.0,3.49,-3.23,3.44,33531408429.0,-177819937.0,9119904394.0,499495977.0,0.0,-0.53,27.2,1.49,252.0,182235773870.0,7872984392.0,-8161281498.0,8250673190.0,406.0,8689.0,7563.0,6.33,4.57,7.32,5.37,4.47,1.33,30.228598622280224,
267,192650,KOSPI,드림텍,전자부품 제조업,"모바일 PBA, 지문인식 모듈, 전장 LED 모듈 등",2019-03-14,12월,"김형민, 박찬홍(각자대표)",http://www.idreamtech.co.kr,경기도,2022-08-16,67353731.0,442910115813.0,42565498509.0,13982401791.0,39906763296.0,39906763296.0,9.61,3.16,9.01,332119044613.0,17685356491.0,-12079728185.0,14449715889.0,13234438726.0,5.33,-3.64,4.35,2368.0,328639760810.0,26101520117.0,55646207704.0,26282403633.0,26225944340.0,7.94,16.93,8.0,278352752944.0,13371076468.0,-8422395218.0,7931797286.0,74547906014.0,4.8,-3.03,2.85,1560.0,1231623290602.0,96104848257.0,80725550825.0,79341007991.0,1177.0,6632.0,5771.0,18.3,10.82,35.7,20.41,1.669999999999999,0.5300000000000002,34.770702948832884,
268,24090,KOSPI,디씨엠,1차 철강 제조업,"PCM(칼라강판),라미네이트강판,산업용필름 제조,판매",1999-08-18,12월,정연택,http://www.dcmcorp.co.kr,경상남도,2022-08-16,11400434.0,76218368060.0,12492270385.0,10190882169.0,17641506537.0,17641506537.0,16.39,13.37,23.15,70999110927.0,8135711789.0,10806927082.0,15319760455.0,15319760455.0,11.46,15.22,21.58,6188.0,57917820549.0,5913434595.0,-1175437339.0,8986722235.0,8986722235.0,10.21,-2.03,15.52,44832539014.0,1991155543.0,-905138286.0,3569553795.0,34362677947.0,4.44,-2.02,7.96,3152.0,250829059873.0,34887867459.0,15806800753.0,50754929691.0,4452.0,22872.0,20661.0,21.21,17.69,27.05,21.55,6.18,7.0200000000000005,31.597438124449546,
269,7340,KOSPI,디티알오토모티브,일차전지 및 축전지 제조업,자동차용 밧데리,1988-09-24,12월,김상헌 김원종,http://www.x-probattery.co.kr,울산광역시,2022-08-16,9993656.0,626113983386.0,55125581838.0,32315388624.0,28276146124.0,0.0,8.8,5.16,4.52,234000551357.0,30395356935.0,150933024438.0,32632299314.0,0.0,12.99,64.5,13.95,11316.0,240747803215.0,22721344711.0,-4367657636.0,20601473585.0,0.0,9.44,-1.81,8.56,209212316783.0,20759867498.0,27163718033.0,7920342523.0,0.0,9.92,12.98,3.79,8244.0,930752730400.0,89645343410.0,40896236584.0,80831911389.0,8088.0,97568.0,71442.0,2.34,5.44,11.6,11.32,-0.6399999999999988,3.0700000000000003,160.0704866356967,
270,4000,KOSPI,롯데정밀화학,기초 화학물질 제조업,"염소·셀룰로스계열, 암모니아 계열, 전자재료 등 화학제품 제조",1976-04-15,12월,김용석,http://www.lottefinechem.com,울산광역시,2022-08-16,25798337.0,652348003050.0,110346564628.0,223252834426.0,29573277578.0,0.0,16.92,34.22,4.53,522558212712.0,84939517536.0,165496095241.0,225937440724.0,0.0,16.25,31.67,43.24,4584.0,343935896409.0,35519397622.0,42039561193.0,40493898353.0,0.0,10.33,12.22,11.77,303740508982.0,28461178115.0,33158286916.0,66606868596.0,0.0,9.37,10.92,21.93,6276.0,1780293056795.0,244513587616.0,308521791730.0,585458461667.0,22693.0,92917.0,85223.0,3.8,21.5,4.93,26.63,6.590000000000002,6.880000000000001,89.6713922161367,
271,5300,KOSPI,롯데칠성,비알코올음료 및 얼음 제조업,"청량음료,과채류음료,곡류음료,주류 제조,판매/자동차정비,연수원",1973-06-21,12월,박윤기,http://company.lottechilsung.co.kr,서울특별시,2022-08-12,9278901.0,626260170093.0,59712693183.0,63430661612.0,37156846394.0,0.0,9.53,10.13,5.93,599557966665.0,18939052912.0,46832481523.0,-3187224758.0,0.0,3.16,7.81,-0.53,16016.0,538777108126.0,32287882549.0,37196290592.0,16349501168.0,0.0,5.99,6.9,3.03,507358738675.0,3323926550.0,41112032471.0,-62123883153.0,0.0,0.66,8.1,-12.24,7048.0,2506093270200.0,182218380367.0,321100571985.0,137076880540.0,14772.0,139507.0,155735.0,4.29,3.81,11.48,9.49,3.539999999999999,2.5,16.237338344104433,
272,12690,KOSPI,모나리자,기타 종이 및 판지 제품 제조업,"화장지,미용티슈 제조,도매",1988-10-14,12월,박세훈,http://www.monarisa.co.kr,서울특별시,2022-08-12,36567944.0,29390012225.0,833358908.0,2073630757.0,644611821.0,0.0,2.84,7.06,2.19,28365711215.0,1394871101.0,3324748337.0,1310497454.0,0.0,4.92,11.72,4.62,68.0,25456333609.0,526133712.0,1643442383.0,371483684.0,0.0,2.07,6.46,1.46,27635526043.0,1136678860.0,1030683896.0,1384726978.0,0.0,4.11,3.73,5.01,40.0,106399396050.0,3433504342.0,10925776111.0,3267784852.0,89.0,2110.0,2057.0,2.55,3.48,3.22,4.34,0.77,0.8099999999999996,15.452651887816483,
273,9580,KOSPI,무림P&P,"펄프, 종이 및 판지 제조업","표백화학펄프(B.K.P) 제조,목재가공,조림사업",1989-06-20,12월,이도균,http://www.moorimpnp.co.kr,울산광역시,2022-08-16,62366443.0,162205555518.0,10400102402.0,38533576509.0,4216107772.0,0.0,6.41,23.76,2.6,169207566056.0,10266563978.0,176527577.0,6933703515.0,0.0,6.07,0.1,4.1,268.0,137881812421.0,-8886804439.0,15114200001.0,-6632728402.0,0.0,-6.45,10.96,-4.81,132875648507.0,-5368705131.0,-18629214130.0,-9090870422.0,0.0,-4.04,-14.02,-6.84,-424.0,613699105829.0,29386707735.0,-15328185220.0,18590124909.0,298.0,10067.0,9924.0,1.11,1.25,2.66,3.0,12.86,10.11,17.641009114916006,
274,33920,KOSPI,무학,알코올음료 제조업,소주,2010-07-20,12월,"최재호, 최낙준 (각자 대표이사)",http://www.muhak.co.kr,경상남도,2022-08-16,28500208.0,38241324063.0,3546937131.0,-11455423549.0,-5144506481.0,-5144506481.0,9.28,-29.96,-13.45,34190775744.0,676587857.0,12264290334.0,2197557033.0,3378092717.0,1.98,35.87,6.43,-720.0,33312787995.0,445724228.0,32279449167.0,-4806401825.0,-4938408575.0,1.34,96.9,-14.43,36154096625.0,307918951.0,-25213284894.0,20412436339.0,-7906669162.0,0.85,-69.74,56.46,-672.0,126928339596.0,-890929326.0,47624502871.0,-16036159365.0,-562.0,16935.0,17492.0,-3.16,-2.48,-4.25,-3.22,7.9399999999999995,1.13,14.794727084204828,
275,268280,KOSPI,미원에스씨,기초 화학물질 제조업,에너지경화수지,2017-05-22,12월,"김형웅, 배원",http://www.miramer.co.kr,전라북도,2022-08-16,5099929.0,160510284378.0,21597251959.0,-4619208952.0,19286502256.0,0.0,13.46,-2.88,12.02,142430809431.0,20636560204.0,1041932950.0,15261082858.0,0.0,14.49,0.73,10.71,15124.0,116342375530.0,17858937227.0,5334054026.0,16628667975.0,0.0,15.35,4.58,14.29,98864747384.0,10916830145.0,15406003104.0,3678761409.0,0.0,11.04,15.58,3.72,13040.0,531343052748.0,95032118064.0,32444505602.0,79903361416.0,15667.0,69485.0,64024.0,15.5,18.24,21.77,24.47,-1.8899999999999988,3.450000000000001,37.96373303088597,
276,134380,KOSPI,미원화학,기타 화학제품 제조업,"계면활성제, 황산및분황",2011-02-15,12월,정규식,http://www.miwonchemicals.com,울산광역시,2022-08-12,2199233.0,57576432049.0,4392732448.0,22938209853.0,3851573227.0,0.0,7.63,39.84,6.69,54740568730.0,2838359293.0,-16409415392.0,2467869931.0,0.0,5.19,-29.98,4.51,7004.0,44324594758.0,3264513775.0,11909215613.0,2852845620.0,0.0,7.37,26.87,6.44,38754386971.0,1637379074.0,2580427103.0,1358346469.0,0.0,4.23,6.66,3.51,5188.0,197470077504.0,12772108235.0,9379772810.0,11350187321.0,5160.0,56352.0,54543.0,10.84,8.48,12.43,9.46,0.2599999999999998,0.96,29.897255380114263,
277,3650,KOSPI,미창석유,석유 정제품 제조업,"윤활유,고무배합유,전기절연유 제조,판매,수출입",1989-09-27,12월,유재순,http://www.michang.co.kr,부산광역시,2022-08-12,1739709.0,102503179947.0,11799101548.0,10357056597.0,7562479890.0,0.0,11.51,10.1,7.38,112926452869.0,11319011709.0,12994870032.0,9591525770.0,0.0,10.02,11.51,8.49,17384.0,90783857119.0,6314765102.0,-4869264154.0,6326881150.0,0.0,6.96,-5.36,6.97,76025846526.0,3644812310.0,10345787408.0,4313083901.0,0.0,4.79,13.61,5.67,14544.0,406292672739.0,35450218335.0,15235779430.0,33138620865.0,19048.0,180274.0,173581.0,8.15,9.53,9.64,10.97,4.55,5.2299999999999995,12.909038236432547,
278,1340,KOSPI,백광산업,기초 화학물질 제조업,"가성소다,합성염산 제조,판매",1976-06-10,12월,김성훈,http://www.pkic.co.kr,전라북도,2022-08-12,44151807.0,54362623785.0,8076419183.0,3730143016.0,7042402581.0,7042402581.0,14.86,6.86,12.95,51596804210.0,4739825181.0,14337944093.0,4726257829.0,4726257829.0,9.19,27.79,9.16,636.0,46396524104.0,4447914331.0,1784811105.0,3462045734.0,3462045734.0,9.59,3.85,7.46,42886409500.0,1916879941.0,11022544812.0,2846792976.0,7597200179.0,4.47,25.7,6.64,312.0,191117728512.0,17929801315.0,36597135742.0,14896324686.0,337.0,4499.0,4292.0,7.23,4.15,14.13,7.86,5.27,4.72,17.16960447973131,
279,35150,KOSPI,백산,플라스틱제품 제조업,"P.U.인조피혁,부직포인공피혁 제조,무역",1999-08-11,12월,"김상화, 김한준(각자 대표이사)",http://www.baiksan.co.kr,경기도,2022-08-12,24306533.0,129866280843.0,14128260041.0,-2571419.0,13442375580.0,0.0,10.88,-0.0,10.35,105742068456.0,7081757822.0,1886038251.0,2446766013.0,0.0,6.7,1.78,2.31,2212.0,94802133777.0,9854556958.0,1281588891.0,10069429894.0,0.0,10.39,1.35,10.62,95916320882.0,4453302111.0,20590267482.0,-8055445226.0,0.0,4.64,21.47,-8.4,1656.0,371076932571.0,23245153400.0,9761851425.0,19167631768.0,788.0,6617.0,6048.0,14.87,5.81,33.42,13.04,0.4900000000000002,2.0600000000000005,36.986664401964056,
280,2760,KOSPI,보락,기타 화학제품 제조업,"식품향료,식품첨가물,화학제품,껌베이스(자일리톨,에리스리톨),담배향료 제조,판매",1989-11-30,12월,정기련,http://www.bolak.co.kr,경기도,2022-08-12,59900059.0,10923950693.0,528849490.0,24266303.0,424446469.0,0.0,4.84,0.22,3.89,11064064943.0,209979126.0,923533464.0,229167445.0,0.0,1.9,8.35,2.07,28.0,8361544805.0,121645263.0,-569289752.0,136480329.0,0.0,1.45,-6.81,1.63,9643608702.0,74649752.0,2004965803.0,132355402.0,0.0,0.77,20.79,1.37,8.0,39763912508.0,1692124112.0,1177596809.0,1694987553.0,28.0,763.0,760.0,2.9,3.01,3.67,3.72,3.3899999999999997,1.13,30.64512536568295,-97.05199261152548
281,7160,KOSPI,사조산업,어로 어업,"원양어업(참치,명태,오징어),육가공,참치통조림,장류 제조/냉동냉장 창고운영/부동산 임대/컴퓨터,소프트웨어 개발,도매/팝콘,구운김 도매",1989-07-25,12월,"이창주, 김치곤 (각자대표)",http://www.sajo.co.kr,서울특별시,2022-08-16,5000096.0,139016450481.0,15278291131.0,3432036882.0,11615523023.0,0.0,10.99,2.47,8.36,180877817450.0,19455418987.0,143451906.0,16020938489.0,0.0,10.76,0.08,8.86,9292.0,136830645302.0,9754995156.0,12852626676.0,10717690526.0,0.0,7.13,9.39,7.83,178724681352.0,4411354782.0,45188126348.0,-6813783158.0,0.0,2.47,25.28,-3.81,8572.0,590393764176.0,49237466179.0,49291294354.0,44837082103.0,8967.0,119640.0,113147.0,4.08,4.03,7.77,7.93,3.8600000000000003,8.29,1.5974529493562588,
282,14710,KOSPI,사조씨푸드,수산물 가공 및 저장 처리업,횟감용 참치 및 기타 일반수산물,2012-06-29,12월,최세환,http://www.sajosf.co.kr,서울특별시,2022-08-11,17218944.0,48836058264.0,5473100237.0,-3437599626.0,3138897788.0,0.0,11.21,-7.04,6.43,40918326477.0,3885269896.0,2507866697.0,3143778493.0,0.0,9.5,6.13,7.68,728.0,44267417594.0,3960446538.0,6804701531.0,2881176834.0,0.0,8.95,15.37,6.51,43236497328.0,2290456663.0,20335544441.0,1630389665.0,0.0,5.3,47.03,3.77,668.0,174614930293.0,14004313349.0,12999397658.0,9842248327.0,571.0,13789.0,13357.0,3.44,2.92,5.28,4.28,2.2600000000000016,4.2,10.320549330212641,
283,28260,KOSPI,삼성물산,기타 전문 도매업,"도소매, 건설, 남자용 정장 제조업 등",2014-12-18,12월,"고정석, 오세철, 한승환",http://www.samsungcnt.com,서울특별시,2022-08-16,186620000.0,10439688657498.0,541607110247.0,-254628618788.0,561420734024.0,0.0,5.19,-2.44,5.38,9764932550422.0,327200234009.0,101401115521.0,212678782737.0,0.0,3.35,1.04,2.18,12032.0,7839586453789.0,302581601206.0,-57546381561.0,871066928467.0,0.0,3.86,-0.73,11.11,8182348110060.0,256389484766.0,724301778792.0,234437628427.0,0.0,3.13,8.85,2.87,18668.0,34455181882704.0,1195982736408.0,1195731728299.0,1635045565167.0,8761.0,168511.0,178718.0,4.12,2.96,7.14,4.9,1.3300000000000005,0.2200000000000002,33.166318389821804,
284,207940,KOSPI,삼성바이오로직스,기초 의약물질 및 생물학적 제제 제조업,바이오의약품,2016-11-10,12월,임존종보 (Rim John Chongbo),http://www.samsungbiologics.com,인천광역시,2022-08-16,73704285.0,511303826776.0,176416807153.0,212955175510.0,146942732022.0,0.0,34.5,41.65,28.74,444313685644.0,128842730424.0,114469129963.0,79317937814.0,0.0,29.0,25.76,17.85,7972.0,260797315576.0,74295866136.0,-72492268938.0,60975536258.0,0.0,28.49,-27.8,23.38,375306554056.0,92576031108.0,-142631708706.0,96221726169.0,0.0,24.67,-38.0,25.64,3308.0,1568006928039.0,537309408072.0,454596217269.0,393589467655.0,5340.0,59696.0,67717.0,7.02,4.94,13.35,7.89,6.010000000000002,4.329999999999998,96.05409881107418,
285,28050,KOSPI,삼성엔지니어링,"건축기술, 엔지니어링 및 관련 기술 서비스업","산업설비,건물,구축물,토목시설의 설계,시공,공사감리",1996-12-24,12월,최성안,http://www.samsungengineering.co.kr,서울특별시,2022-08-16,189946428.0,2163375066043.0,174392652928.0,-98198227476.0,114480863151.0,0.0,8.06,-4.54,5.29,2513497081661.0,106734785544.0,251303396431.0,63023701175.0,0.0,4.25,10.0,2.51,2408.0,1530779945765.0,107280241182.0,692849660130.0,108093546120.0,0.0,7.01,45.26,7.06,1855172744952.0,79682934935.0,271828291115.0,37184541144.0,0.0,4.3,14.65,2.0,2276.0,7486696121177.0,503288807347.0,739825439031.0,372366098361.0,1960.0,11284.0,10321.0,6.97,6.15,21.34,18.99,1.0500000000000007,-0.04999999999999982,41.32502010025116,5949.28973667157
286,68290,KOSPI,삼성출판사,"서적, 잡지 및 기타 인쇄물 출판업","서적 출판,인쇄,소매/부동산 임대",2002-08-05,12월,김진용,http://www.samsungbooks.com,서울특별시,2022-08-16,10000211.0,51338029603.0,4276511281.0,9423986954.0,1473886223.0,0.0,8.33,18.36,2.87,56829981111.0,6092621730.0,16326104462.0,1692269727.0,0.0,10.72,28.73,2.98,588.0,42609406383.0,701250761.0,12712011031.0,510848036.0,0.0,1.65,29.83,1.2,41550284266.0,-1215494140.0,4157771590.0,50106018799.0,0.0,-2.93,10.01,120.59,204.0,187479540147.0,7997004015.0,44630629478.0,3159352601.0,315.0,26880.0,22339.0,1.52,0.93,2.19,1.41,6.68,13.65,20.485202590108095,
287,6110,KOSPI,삼아알미늄,1차 비철금속 제조업,"알루미늄박지,은박지,은박가공품,알페이스트 제조,도매,수출",1980-12-05,12월,"한남희,하상용",http://www.sama-al.com,경기도,2022-08-16,10999818.0,76306670745.0,4328537422.0,-15592015571.0,3354368283.0,0.0,5.67,-20.43,4.4,70578889673.0,3624441623.0,3384812500.0,2495876237.0,0.0,5.14,4.8,3.54,1216.0,60587819752.0,2754388529.0,5357286195.0,2413819232.0,0.0,4.55,8.84,3.98,53375967677.0,2280255316.0,1243573835.0,533846347.0,0.0,4.27,2.33,1.0,876.0,252965524544.0,15447143092.0,15829600786.0,12153040066.0,1104.0,11480.0,11093.0,5.17,5.35,10.59,9.96,1.12,0.8700000000000001,25.943912583982893,
288,3230,KOSPI,삼양식품,기타 식품 제조업,"라면,스낵,유제품,장유,식용유,사료,향신료,건강음료(루이보스 티) 제조,도매",1975-06-30,12월,"김정수, 장재성",http://www.samyangfoods.com,서울특별시,2022-08-12,7533714.0,202168672983.0,24504783894.0,17136804520.0,19057799042.0,0.0,12.12,8.48,9.43,192789047859.0,21570290889.0,18828895352.0,17777058794.0,0.0,11.19,9.77,9.22,10116.0,140005906880.0,14357546242.0,8846701622.0,13052613386.0,0.0,10.25,6.32,9.32,150960349682.0,15806437936.0,8696480288.0,4888969001.0,0.0,10.47,5.76,3.24,6928.0,642030314159.0,65363413971.0,58357507370.0,56348004306.0,7479.0,55771.0,52522.0,8.71,7.48,18.14,14.24,1.8699999999999992,0.7199999999999989,44.4001024587342,
289,4380,KOSPI,삼익THK,일반 목적용 기계 제조업,"직선운동시스템,메카트로시스템,기타정밀 자동화기기 제조,판매/전자상거래,인터넷 관련 s/w,h/w 개발,판매,유지보수",1989-09-26,12월,"진영환, 진주완",http://www.samickthk.co.kr,대구광역시,2022-08-16,21001064.0,74420999531.0,4350992794.0,4609022234.0,4267200274.0,0.0,5.85,6.19,5.73,87739700977.0,7085626500.0,1375934006.0,6207590962.0,0.0,8.08,1.57,7.08,812.0,77502043998.0,2396172847.0,12372950330.0,2314270413.0,0.0,3.09,15.96,2.99,61325460315.0,-909587149.0,5817553673.0,650539397.0,0.0,-1.48,9.49,1.06,440.0,310484619649.0,14809995790.0,46661788251.0,11812259055.0,562.0,9543.0,9399.0,4.44,3.12,8.51,5.98,2.76,9.56,-3.975436398915503,
290,14910,KOSPI,성문전자,전자부품 제조업,"콘덴서용 증착필름,압력분무식 플러스자동도포기 제조,판매",1990-03-24,12월,신준섭,http://www.smec-korea.co.kr,경기도,2022-08-16,19480540.0,12226711462.0,863238139.0,-1020105301.0,508796019.0,0.0,7.06,-8.34,4.16,12285972873.0,1141415386.0,1261534967.0,692223380.0,0.0,9.29,10.27,5.63,104.0,9163964848.0,369798749.0,226537297.0,436121513.0,0.0,4.04,2.47,4.76,10090006493.0,-338083172.0,401989814.0,-652899279.0,0.0,-3.35,3.98,-6.47,88.0,49343656972.0,3442198787.0,3340581861.0,2914925015.0,149.0,1658.0,1579.0,3.51,5.36,6.27,9.48,3.0199999999999996,12.639999999999999,33.42163206429619,
291,4360,KOSPI,세방,도로 화물 운송업,"도로운송,항만하역,창고,지게차 임대",1977-05-19,12월,최종일,http://www.sebang.com,부산광역시,2022-08-12,19312147.0,344468359041.0,18680720681.0,-2596610896.0,27309788315.0,0.0,5.42,-0.75,7.93,303760703637.0,4713465502.0,16425905959.0,-1558494271.0,0.0,1.55,5.41,-0.51,5656.0,216395394120.0,5659216460.0,5959828107.0,14478529260.0,0.0,2.62,2.75,6.69,213366395669.0,3504089239.0,2497150877.0,-4566832502.0,0.0,1.64,1.17,-2.14,2996.0,1057709412045.0,29158209219.0,37011496862.0,52432741076.0,2715.0,47487.0,46455.0,8.44,4.21,11.91,5.84,2.8,-0.08999999999999986,59.18470004494567,
292,306200,KOSPI,세아제강,1차 철강 제조업,강관,2018-10-05,12월,"이휘령, 김석일",http://www.seahsteel.co.kr,서울특별시,2022-08-16,2836115.0,448817049225.0,59920752661.0,15326440678.0,45949532991.0,0.0,13.35,3.41,10.24,452244233590.0,43777313493.0,5941942542.0,24121694272.0,0.0,9.68,1.31,5.33,64804.0,321772601038.0,15750094843.0,16365333356.0,13199912005.0,0.0,4.89,5.09,4.1,301572487024.0,2155496504.0,-5000056547.0,-4666195728.0,0.0,0.71,-1.66,-1.55,18616.0,1497360775818.0,131945673869.0,22030620316.0,91395255230.0,32225.0,260717.0,239621.0,14.48,7.44,24.86,13.45,8.46,8.969999999999999,39.48268055675647,
293,3030,KOSPI,세아제강지주,기타 금융업,경영컨설팅업,1969-05-13,12월,"이주성, 김태현",http://www.seahsteel.co.kr/company/holdings/,서울특별시,2022-08-16,4141521000.0,916089648698.0,110970128965.0,4816662416.0,70888327178.0,0.0,12.11,0.53,7.74,820153117204.0,67998109952.0,-65765711783.0,35402466800.0,0.0,8.29,-8.02,4.32,68.0,584720291255.0,36939184443.0,12996941575.0,44729538626.0,0.0,6.32,2.22,7.65,573119686518.0,3811362223.0,38908082948.0,-35488433067.0,0.0,0.67,6.79,-6.19,40.0,2841722127579.0,298952263629.0,-165692653993.0,220656030829.0,53.0,411.0,383.0,8.93,7.61,16.51,13.91,5.789999999999999,7.619999999999999,56.67143117810629,
294,58650,KOSPI,세아홀딩스,1차 철강 제조업,지주회사/투자 및 경영컨설팅/부동산 임대,2001-07-30,12월,"이태성, 천정철",http://www.seahholdings.co.kr,서울특별시,2022-08-16,3999839.0,1666502697788.0,61706641631.0,-63684355546.0,44363695137.0,0.0,3.7,-3.82,2.66,1650358050938.0,44219543344.0,-47855447503.0,20306289809.0,0.0,2.68,-2.9,1.23,44364.0,1315874235673.0,46767052796.0,25749135623.0,14821795056.0,0.0,3.55,1.96,1.13,1199319388556.0,-10262187944.0,135068445128.0,-171367305190.0,0.0,-0.86,11.26,-14.29,14820.0,6005522183889.0,308204380275.0,-58266567238.0,49261924946.0,12315.0,733528.0,715727.0,2.95,0.89,6.05,1.72,0.15000000000000036,3.54,26.646046606093183,
295,4430,KOSPI,송원산업,기타 화학제품 제조업,"폴리머첨가제(PVC안정제,산화방지제),폴리우레탄수지,프라스틱첨가제 제조",1977-06-25,12월,김충식 대표이사,http://www.songwon.com,울산광역시,2022-08-12,24000258.0,338433000000.0,57195000000.0,-22882000000.0,43427000000.0,0.0,16.9,-6.76,12.83,283475000000.0,36584000000.0,2602000000.0,26100000000.0,0.0,12.91,0.92,9.21,7236.0,222487000000.0,17343000000.0,-11103000000.0,10001000000.0,0.0,7.8,-4.99,4.5,203843000000.0,17955000000.0,15970000000.0,2791000000.0,0.0,8.81,7.83,1.37,1664.0,998190000000.0,105714000000.0,-18297000000.0,72273000000.0,3011.0,25693.0,22635.0,13.75,6.48,28.16,13.3,9.099999999999998,4.1,52.11360663769119,
296,17550,KOSPI,수산중공업,특수 목적용 기계 제조업,"유압브레이커,트럭크레인,플라즈마 파암장비,특장차,산업기계,건설기계 제조,도매",1991-08-30,12월,"김병현, 정석현(각자 대표이사)",http://www.soosan.co.kr,경기도,2022-08-16,53982236.0,67912875146.0,2836137768.0,-8035650016.0,1791051645.0,0.0,4.18,-11.83,2.64,87559188200.0,5667254977.0,23187580112.0,4465298116.0,0.0,6.47,26.48,5.1,132.0,42897639468.0,1411185274.0,-11943137508.0,1667597982.0,0.0,3.29,-27.84,3.89,37417077308.0,763536339.0,2312873385.0,1229724882.0,0.0,2.04,6.18,3.29,120.0,252992405856.0,14273592746.0,-467360959.0,11393232917.0,211.0,2378.0,2260.0,3.08,4.83,5.55,9.33,0.8899999999999997,4.43,58.313781336757266,
297,11930,KOSPI,신성이엔지,반도체 제조업,"태양전지, 태양광모듈 제조 및 판매, 태양광 발전설치공사, 클린룸, 자동화장비",1996-07-31,12월,"이지선, 안윤수",http://www.shinsungeng.com,경기도,2022-08-16,205875266.0,137902788526.0,2868049866.0,-4105423913.0,-4908629849.0,0.0,2.08,-2.98,-3.56,169623308138.0,9308570207.0,6440704643.0,-4256887224.0,0.0,5.49,3.8,-2.51,-92.0,75556779621.0,-1420606587.0,-22680936746.0,-2403128049.0,0.0,-1.88,-30.02,-3.18,132686084718.0,4657483333.0,12038566550.0,-21446046162.0,0.0,3.51,9.07,-16.16,-44.0,454523692263.0,2386598711.0,-21302798420.0,-15904395825.0,-77.0,1036.0,1010.0,-3.77,-3.34,-8.88,-7.64,3.96,1.9800000000000004,82.51543967031617,
298,4170,KOSPI,신세계,종합 소매업,"백화점,할인점(E마트)",1985-08-19,12월,손영식,http://www.shinsegae.com,서울특별시,2022-08-16,9846810.0,1766529702562.0,163644024030.0,146481173002.0,121025496968.0,0.0,9.26,8.29,6.85,1934004524407.0,195184669451.0,307970722044.0,57183199510.0,0.0,10.09,15.92,2.96,49160.0,1319968151418.0,123582462439.0,284312373121.0,69982083542.0,0.0,9.36,21.54,5.3,1343607278494.0,103167140553.0,262890293299.0,12228124385.0,0.0,7.68,19.57,0.91,28428.0,6316435934254.0,517400647833.0,1104485593489.0,306827154501.0,31160.0,602905.0,585209.0,3.46,2.25,8.15,5.32,-0.09999999999999964,2.41,33.831236811605876,
299,31430,KOSPI,신세계인터내셔날,"섬유, 의복, 신발 및 가죽제품 소매업","섬유, 의복, 신발 및 가죽제품 소매",2011-07-14,12월,"장재영, 이길한, 손문국 (각자대표)",http://www.sikorea.co.kr,서울특별시,2022-08-16,35703443.0,352182563649.0,33106636459.0,14884853755.0,26714618028.0,0.0,9.4,4.23,7.59,417923951955.0,30059758037.0,85629823758.0,29792108948.0,0.0,7.19,20.49,7.13,2992.0,341921578786.0,21278953323.0,23272436275.0,23417432610.0,0.0,6.22,6.81,6.85,381124873123.0,17386713879.0,93452192624.0,24756647134.0,0.0,4.56,24.52,6.5,2620.0,1450778572821.0,91971396487.0,153285247445.0,82096014919.0,2299.0,21525.0,20155.0,9.31,7.08,13.9,11.41,3.1800000000000006,2.630000000000001,3.000976100845068,
300,6880,KOSPI,신송홀딩스,산업용 농·축산물 및 동·식물 도매업,사업경영 및 관리자문,2013-11-21,12월,조갑주,http://www.singsongholdings.com,서울특별시,2022-08-12,11826689.0,50640056031.0,2457391060.0,3906645485.0,1396955876.0,1387959419.0,4.85,7.71,2.76,60717422855.0,1619837253.0,-1547469135.0,541313758.0,567346968.0,2.67,-2.55,0.89,472.0,41442538955.0,1938400458.0,-17262452971.0,1520707390.0,1526848757.0,4.68,-41.65,3.67,50542171478.0,-42269054.0,7236549495.0,-636434321.0,3432966635.0,-0.08,14.32,-1.26,512.0,186444266263.0,6867678554.0,3390747294.0,7420973021.0,627.0,8017.0,8056.0,2.27,2.99,5.89,7.79,0.16999999999999993,2.75,22.193420837432377,
301,9270,KOSPI,신원,봉제의복 제조업,"여성,남성의류,스웨터,의복관련 악세사리,사카린,망초 제조,판매,수출입/섬유의류 도매/신용카드업/의류전문 물류대행 및 임대사업",1988-08-24,12월,박정주,http://www.sw.co.kr,서울특별시,2022-08-16,95637035.0,270717272464.0,11722123734.0,13202946368.0,7727135609.0,0.0,4.33,4.88,2.85,242620290252.0,6270925209.0,-6538714075.0,3813023333.0,0.0,2.58,-2.7,1.57,320.0,187752361045.0,4188897506.0,9279707959.0,4908366609.0,0.0,2.23,4.94,2.61,156418745550.0,213220910.0,16215207742.0,-5020095899.0,0.0,0.14,10.37,-3.21,204.0,879417586200.0,21639200846.0,-12011175123.0,12132921629.0,126.0,2343.0,2211.0,5.94,2.41,13.65,5.74,2.1,2.44,44.18847835373702,
302,4770,KOSPI,써니전자,전자부품 제조업,"수정진동자,수정발진기,초음파지연선,MCF,축수나사 제조,도매,수출입",1987-04-22,12월,차상권,http://www.sunny.co.kr,충청북도,2022-08-12,34852589.0,4673573998.0,799361200.0,-120433199.0,1363005489.0,0.0,17.1,-2.58,29.16,3982432141.0,180700253.0,1576472494.0,540655562.0,0.0,4.54,39.59,13.58,156.0,4078188316.0,572034675.0,835045055.0,1618573261.0,0.0,14.03,20.48,39.69,3226786078.0,-245748844.0,1062091001.0,1026942766.0,0.0,-7.62,32.91,31.83,184.0,16408490531.0,1782881472.0,2446554926.0,4503538293.0,129.0,2006.0,1956.0,6.51,5.83,7.78,6.61,3.070000000000002,12.16,14.599268985792465,
303,4920,KOSPI,씨아이테크,그외 기타 제품 제조업,"컴퓨터 소프트웨어,하드웨어 서버,도매",1989-11-30,12월,김대영,http://www.citech.kr,서울특별시,2022-08-16,40809663.0,12421473585.0,1241035042.0,3852774806.0,3701765807.0,0.0,9.99,31.02,29.8,17972421539.0,2179875446.0,2394705138.0,4773675614.0,990882676.0,12.13,13.32,26.56,360.0,9058945790.0,-2863277673.0,905411563.0,-4587632350.0,0.0,-31.61,9.99,-50.64,13386670748.0,-675808780.0,1640213311.0,-3289994394.0,-7612846163.0,-5.05,12.25,-24.58,-448.0,47230072502.0,871731347.0,-3648266232.0,-6310819169.0,-154.0,1425.0,1171.0,14.92,-7.93,25.26,-13.2,41.6,17.18,37.11831236159765,
304,8700,KOSPI,아남전자,영상 및 음향기기 제조업,"칼라TV,오디오,비디오 제조,도매",1984-08-11,12월,김태수,http://www.aname.co.kr,서울특별시,2022-08-16,77147840.0,79366437.0,4819051.0,2609559.0,4147331.0,4147331.0,6.07,3.29,5.23,91369306.0,6370121.0,-19610467.0,5765078.0,5765078.0,6.97,-21.46,6.31,0.0,76948291.0,2852217.0,-1588673.0,2239425.0,2239425.0,3.71,-2.06,2.91,80403812.0,883031.0,-6750342.0,830854.0,7928732.0,1.1,-8.4,1.03,0.0,314437329.0,13225147.0,-24696663.0,11607606.0,0.0,0.0,0.0,0.0,5.06,0.0,17.56,2.3600000000000003,5.869999999999999,3.14255972234653,
305,20560,KOSPI,아시아나항공,항공 여객 운송업,"항공운송(여객운송,화물운송)/항공기 제조,정비수리",2008-03-28,12월,정성권,http://www.flyasiana.com,서울특별시,2022-08-12,74421036.0,1246250096086.0,143524227260.0,428878751970.0,-11117158239.0,-46551582964.0,11.52,34.41,-0.89,1444454848053.0,118250407897.0,489010003141.0,237241043423.0,157049982473.0,8.19,33.85,16.42,-596.0,847160379434.0,-88608585312.0,176194381878.0,-319388249709.0,-345030903231.0,-10.46,20.8,-37.7,921472664680.0,-32290702555.0,-211080693890.0,166954705614.0,14651452255.0,-3.5,-22.91,18.12,-17164.0,4339706411421.0,93203600406.0,1008216924639.0,-362476384455.0,-4870.0,8491.0,7002.0,-0.34,-2.77,-7.02,-69.56,21.98,11.69,47.109110192173716,
306,122900,KOSPI,아이마켓코리아,상품 종합 도매업,B2B 전자상거래,2010-07-30,12월,남인봉,http://www.imarketkorea.com,서울특별시,2022-08-16,33430758.0,827938723134.0,11724978749.0,-6688981792.0,5278032410.0,0.0,1.42,-0.81,0.64,831924416107.0,12611487633.0,40458479303.0,10920074475.0,0.0,1.52,4.86,1.31,628.0,721635637646.0,8731748140.0,14634369432.0,2685030634.0,0.0,1.21,2.03,0.37,765755415401.0,8376513285.0,-8320582426.0,2390568413.0,0.0,1.09,-1.09,0.31,320.0,3132491779569.0,45420682449.0,54166341763.0,38166061628.0,1141.0,12389.0,12466.0,1.72,3.41,5.07,9.16,0.20999999999999996,0.42999999999999994,14.73085307077742,
307,10780,KOSPI,아이에스동서,"내화, 비내화 요업제품 제조업","타일,위생도기,콘크리트파일,P.C관,침목 제조,도매",1986-01-27,12월,"허석헌, 정원호, 김갑진(각자 대표이사)",http://www.isdongseo.co.kr,서울특별시,2022-08-16,30894384.0,589898548325.0,111697236169.0,142472347491.0,79166864100.0,0.0,18.93,24.15,13.42,645383360400.0,166501555439.0,119154068786.0,64050120062.0,0.0,25.8,18.46,9.92,10248.0,310227453764.0,40300810573.0,-55706521707.0,11937952126.0,0.0,12.99,-17.96,3.85,338254292082.0,52438901559.0,3582629121.0,13032116945.0,0.0,15.5,1.06,3.85,1544.0,1608440924896.0,310765130275.0,224248467500.0,104971578755.0,3397.0,49953.0,47156.0,9.1,2.99,20.52,7.21,5.9399999999999995,10.3,90.15033684728458,
308,70960,KOSPI,용평리조트,일반 및 생활 숙박시설 운영업,"리조트 운영, 콘도 분양",2016-05-27,12월,"신달순, 임학운 공동대표",http://www.yongpyong.co.kr,강원도,2022-08-16,48129444.0,34197869646.0,1885589260.0,-4317045569.0,-755005932.0,0.0,5.51,-12.62,-2.21,29482913779.0,7173109652.0,-12586514885.0,-3763486799.0,0.0,24.33,-42.69,-12.76,-60.0,27869494401.0,-2151326254.0,2076253091.0,-2562589243.0,0.0,-7.72,7.45,-9.19,26668014335.0,-3421411289.0,-7422162355.0,-7943219522.0,0.0,-12.83,-27.83,-29.79,-212.0,236330114660.0,30731092865.0,-11543045467.0,8673406976.0,180.0,7949.0,8025.0,-0.37,1.03,-0.75,2.25,13.23,37.16,22.70717636259999,
309,49800,KOSPI,우진플라임,특수 목적용 기계 제조업,"플라스틱사출성형기 제조,판매",2006-05-24,12월,김익환,http://www.woojinplaimm.com,충청북도,2022-08-11,20000000.0,63218145448.0,3721088186.0,1092658886.0,4060512368.0,0.0,5.89,1.73,6.42,57120394548.0,5858358366.0,5640466707.0,10245359051.0,0.0,10.26,9.87,17.94,812.0,58465829824.0,971608470.0,8866568583.0,1585874469.0,0.0,1.66,15.17,2.71,59532121717.0,4322541018.0,11055981881.0,4348231870.0,0.0,7.26,18.57,7.3,316.0,233989445051.0,16624863041.0,21359974415.0,22511894621.0,1125.0,4767.0,4105.0,5.54,8.15,17.03,27.41,4.2299999999999995,3.0,8.128364274151108,
310,5820,KOSPI,원림,직물직조 및 직물제품 제조업,"고무,플라스틱제품,산업용포장재,PP.BAG,타포린 제조,도매/부동산 임대/주택 신축,판매/인터넷 정보통신/벤처회사 투자",1990-04-20,12월,신성엽,http://www.wonlim.co.kr,서울특별시,2022-08-16,2297909.0,23263079219.0,2195933732.0,2756627553.0,2831555733.0,0.0,9.44,11.85,12.17,22508031617.0,2894772948.0,911015066.0,1621991394.0,0.0,12.86,4.05,7.21,4928.0,18060413383.0,950846178.0,-3017132199.0,227839402.0,0.0,5.26,-16.71,1.26,19943347889.0,1849619119.0,3772438110.0,1251210739.0,0.0,9.27,18.92,6.27,396.0,79683129520.0,3192709036.0,-2213328373.0,1409392707.0,613.0,61100.0,58940.0,6.47,0.83,8.07,1.04,4.18,3.59,28.807014134555704,
311,47400,KOSPI,유니온머티리얼,"내화, 비내화 요업제품 제조업","페라이트,세라믹 제조,도매",2009-09-29,12월,"김진영, 이우선",http://unionmaterials.com,대구광역시,2022-08-16,42003222.0,31904506443.0,1469550503.0,-1839677171.0,1345082693.0,1345082693.0,4.61,-5.77,4.22,30193408019.0,465188845.0,1103692944.0,-429826414.0,-429826414.0,1.54,3.66,-1.42,128.0,28459965456.0,185630133.0,166768423.0,1267044497.0,1267044497.0,0.65,0.59,4.45,26533396210.0,286554005.0,4782292232.0,-1517682910.0,-281009574.0,1.08,18.02,-5.72,120.0,118261478442.0,-848992713.0,3329002118.0,543550735.0,12.0,2001.0,1997.0,2.78,0.29,6.39,0.65,3.9600000000000004,0.45999999999999996,12.103110217492597,
312,77500,KOSPI,유니퀘스트,기계장비 및 관련 물품 도매업,"반도체직접회로 도매,무역,제조",2004-08-05,12월,앤드류김,http://www.uniquest.co.kr,경기도,2022-08-16,27347034.0,166463064587.0,10799274321.0,-7682994409.0,21798104032.0,0.0,6.49,-4.62,13.09,151460744943.0,5697577992.0,-15133898951.0,26592254096.0,60395383783.0,3.76,-9.99,17.56,3188.0,139006930031.0,5757614533.0,8968854805.0,11334045072.0,0.0,4.14,6.45,8.15,115520508549.0,2861129401.0,8758555772.0,13829916840.0,60395383783.0,2.48,7.58,11.97,1656.0,590983230900.0,24548653862.0,9789178606.0,62562127147.0,2287.0,12791.0,11281.0,16.07,12.76,24.92,20.28,2.3500000000000005,1.2799999999999998,19.7516300445431,
313,700,KOSPI,유수홀딩스,회사 본부 및 경영 컨설팅 서비스업,지주사업,1956-03-03,12월,송영규,http://www.eusu-holdings.com,서울특별시,2022-08-16,26041210.0,22224973309.0,8167237636.0,7392117407.0,8134748785.0,0.0,36.75,33.26,36.6,24203516608.0,8953773444.0,25429444585.0,7951793540.0,0.0,36.99,105.07,32.85,1248.0,16628491072.0,2125833695.0,-28127009495.0,4539588796.0,0.0,12.78,-169.15,27.3,10912171282.0,-12181814931.0,2056723660.0,73418863952.0,0.0,-111.64,18.85,672.82,696.0,81047873322.0,20347476590.0,-10889446999.0,24026921535.0,922.0,16255.0,15669.0,6.18,4.79,7.68,5.89,23.97,148.63,33.65598365340362,
314,7660,KOSPI,이수페타시스,전자부품 제조업,"P.C.B(인쇄회로기판),M.L.B 제조",2003-10-07,12월,서영준,http://www.petasys.com,대구광역시,2022-08-16,63248030.0,140471680986.0,18866104822.0,8796332880.0,14152224135.0,13903906504.0,13.43,6.26,10.07,123938240114.0,16495208735.0,-2612652979.0,425159190.0,10126194248.0,13.31,-2.11,0.34,892.0,98770992999.0,1904605064.0,6975211176.0,-2313453817.0,2546856383.0,1.93,7.06,-2.34,97719630807.0,2484671715.0,566538791.0,-9890409334.0,30387649072.0,2.54,0.58,-10.12,-144.0,469621094131.0,46875580199.0,3972190584.0,-3603718792.0,-56.0,3249.0,1984.0,11.55,-0.8,27.45,-2.87,11.5,10.77,42.21956945134914,
315,760,KOSPI,이화산업,기타 전문 도매업,"염료(반응성염료,분산염료,범용염료,직접염료,산성염료),염료화성품,합성수지,고무 도매,제조",1994-04-29,12월,홍성우,http://www.rifa.co.kr,서울특별시,2022-08-16,2800357.0,14391303714.0,450974040.0,-1585379901.0,629491442.0,0.0,3.13,-11.02,4.37,17669640503.0,419859612.0,-1157030576.0,257169224.0,0.0,2.38,-6.55,1.46,896.0,13556646700.0,-1055734734.0,-1486335899.0,49553048745.0,0.0,-7.79,-10.96,365.53,13542531707.0,-2305992972.0,-3837127299.0,-211724667.0,0.0,-17.03,-28.33,-1.56,70780.0,57775111897.0,-4965189508.0,-7411844444.0,47088403455.0,16815.0,83716.0,83400.0,0.92,17.13,1.07,20.16,10.92,19.41,6.156810253084194,
316,129260,KOSPI,인터지스,도로 화물 운송업,"화물운송,알선,하역",2011-12-16,12월,박동호,http://www.intergis.co.kr,부산광역시,2022-08-16,29744183.0,172755600957.0,11096089359.0,17535998779.0,7900665052.0,0.0,6.42,10.15,4.57,169182379243.0,6617740579.0,7156475233.0,-600403750.0,0.0,3.91,4.23,-0.35,1060.0,121980124915.0,3989554067.0,8259372231.0,3630030251.0,0.0,3.27,6.77,2.98,120198463424.0,4051520899.0,12477058165.0,5373970365.0,0.0,3.37,10.38,4.47,488.0,588882039942.0,19994089933.0,11230171307.0,14652543985.0,492.0,7106.0,6956.0,7.54,3.77,14.91,7.08,3.15,0.54,41.62602397512064,
317,13360,KOSPI,일성건설,토목 건설업,"건축공사,토목공사,전기공사",1989-12-02,12월,유필상,http://www.ilsungconst.co.kr,인천광역시,2022-08-12,54028314.0,103350403087.0,4304807930.0,-6526505473.0,2831881501.0,0.0,4.17,-6.31,2.74,127273918470.0,5400267150.0,21309469062.0,239372881.0,0.0,4.24,16.74,0.19,208.0,87770608702.0,1384633716.0,-1540195583.0,818567730.0,0.0,1.58,-1.75,0.93,99936066212.0,4172792225.0,33333161147.0,279033703.0,0.0,4.18,33.35,0.28,60.0,416181928384.0,10807385076.0,12570534251.0,5660650837.0,104.0,2161.0,2023.0,2.98,1.49,9.62,5.18,2.59,0.0600000000000005,17.750582587272167,
318,3200,KOSPI,일신방직,방적 및 가공사 제조업,"면사,P/C혼방사,P/C혼방직물,화섬사 제조,수출",1973-05-23,12월,김정수,http://www.ilshin.co.kr,서울특별시,2022-08-16,2399886.0,166975303516.0,17727055904.0,-3005987401.0,14753212158.0,14962643242.0,10.62,-1.8,8.84,179316119576.0,22250187637.0,16475783574.0,19463231527.0,20159438502.0,12.41,9.19,10.85,24588.0,137861372787.0,11227071396.0,-4682262161.0,11215703375.0,11435623772.0,8.14,-3.4,8.14,135491510081.0,9633313053.0,29519928958.0,8334435163.0,62224669108.0,7.11,21.79,6.15,18692.0,601028587672.0,60970489628.0,21177392499.0,62857534973.0,26191.0,343232.0,330971.0,5.58,6.02,7.16,7.91,2.4799999999999986,5.3,21.118265501375724,
319,7570,KOSPI,일양약품,의약품 제조업,"일반의약품(원비디,영비천,아진탈,디세텔,노루모산),항암제(베타-이뮤난),전문의약품 제조,판매,수출입",1974-08-28,12월,김동연,http://www.ilyang.co.kr,경기도,2022-08-16,19093483.0,85695368538.0,11101585716.0,4975361968.0,6025001029.0,0.0,12.95,5.81,7.03,106764258187.0,14137369032.0,27904957071.0,3143753654.0,0.0,13.24,26.14,2.94,1260.0,82085839628.0,8221692877.0,10965180020.0,399601219.0,0.0,10.02,13.36,0.49,86979059127.0,8314365489.0,32058856063.0,319433753.0,0.0,9.56,36.86,0.37,80.0,371347508042.0,41025011213.0,67020184265.0,14383750120.0,753.0,14948.0,14233.0,4.9,2.91,8.43,5.29,2.9299999999999997,3.6799999999999997,4.397261362444256,
320,81000,KOSPI,일진다이아,기타 화학제품 제조업,"공업용 합성다이아몬드 제조,도매,수출입",2004-12-22,12월,신광섭,http://www.iljindiamond.co.kr,충청북도,2022-08-16,14202245.0,33242552982.0,1518017701.0,-15048281139.0,1970516121.0,0.0,4.57,-45.27,5.93,50575679088.0,2021055656.0,20179540138.0,165560110.0,-9336271047.0,4.0,39.9,0.33,552.0,35064075671.0,924053467.0,-13363125426.0,790943394.0,0.0,2.64,-38.11,2.26,46858483194.0,316313323.0,15610086598.0,-2339345100.0,-8498165466.0,0.68,33.31,-4.99,220.0,187663975968.0,9095705126.0,14476746723.0,8479627468.0,597.0,37544.0,37675.0,1.25,1.32,1.47,1.58,1.9300000000000002,3.32,-5.194840172292075,
321,950,KOSPI,전방,방적 및 가공사 제조업,"면사,면혼방사,마혼방사,화섬사,염색사,자수사,소모사,면직물,면혼방직물,화섬직물,특수가공직물 제조,판매,수출",1968-10-21,12월,조덕현,http://www.chonbang.co.kr,서울특별시,2022-08-12,1679549.0,33673981333.0,4387542875.0,-11142677687.0,2305402599.0,0.0,13.03,-33.09,6.85,36325188190.0,4477124997.0,1350773304.0,-283501006.0,0.0,12.33,3.72,-0.78,5488.0,30722680460.0,1127601067.0,1143969304.0,730361727.0,0.0,3.67,3.72,2.38,29527610314.0,-4063767163.0,-39873337290.0,23952924547.0,0.0,-13.76,-135.04,81.12,1736.0,133745227330.0,7360077995.0,-1445054674.0,159907246.0,95.0,89061.0,85752.0,2.31,0.04,6.16,0.11,9.36,26.09,9.606261005912241,
322,194370,KOSPI,제이에스코퍼레이션,"가죽, 가방 및 유사제품 제조업",핸드백 및 지갑,2016-02-04,12월,홍재성,http://www.jskor.com,서울특별시,2022-08-12,13342318.0,264664134997.0,18606475379.0,19499428495.0,16599204085.0,0.0,7.03,7.37,6.27,262849147769.0,14665469243.0,7481652013.0,19329421059.0,0.0,5.58,2.85,7.35,4976.0,223393493768.0,10556280265.0,14664397171.0,4849179013.0,0.0,4.73,6.56,2.17,219581937686.0,4639405997.0,-11419368415.0,-3222805873.0,0.0,2.11,-5.2,-1.47,1452.0,987023677957.0,60970128693.0,26217938139.0,48263787307.0,3617.0,17749.0,15131.0,12.22,8.74,28.03,23.91,2.3,3.47,18.474415048032082,
323,1550,KOSPI,조비,"비료, 농약 및 살균, 살충제 제조업","복합비료(연초용,수도용,시판용,특수작물용),양액재배용 비료,완효성 비료,부직포 제조,무역",1976-12-28,12월,이승연,http://www.chobi.co.kr,서울특별시,2022-08-16,5192317.0,43685817343.0,9568259374.0,-25064093152.0,8239538843.0,0.0,21.9,-57.37,18.86,18304148960.0,770097670.0,-5942655737.0,606852836.0,0.0,4.21,-32.47,3.32,6344.0,19799064371.0,1486964068.0,-12140422957.0,1440691068.0,0.0,7.51,-61.32,7.28,7963157130.0,-424772026.0,3900590418.0,-225021153.0,0.0,-5.33,48.98,-2.83,1108.0,84597515362.0,3077405830.0,-7973100192.0,1851220426.0,356.0,12028.0,10257.0,21.95,1.78,52.74,3.48,14.389999999999999,9.54,120.64586752385785,
324,18470,KOSPI,조일알미늄,1차 비철금속 제조업,"알루미늄판 제조,도매",1988-11-22,12월,"이영호,성원모",http://www.choilal.co.kr,경상북도,2022-08-16,125848716.0,165996555138.0,20788313368.0,-18694878454.0,19050156792.0,0.0,12.52,-11.26,11.48,143122873248.0,8602267124.0,-25280431785.0,8556670430.0,0.0,6.01,-17.66,5.98,604.0,96997441966.0,3101993129.0,-8567502856.0,2513219411.0,0.0,3.2,-8.83,2.59,90854922030.0,207619232.0,528609614.0,-429271388.0,0.0,0.23,0.58,-0.47,76.0,466932503112.0,18279237886.0,-28053513184.0,15675523934.0,124.0,1788.0,1325.0,18.09,4.51,33.77,9.39,9.32,5.779999999999999,71.13498229797224,32168.13541993594
325,13870,KOSPI,지엠비코리아,자동차 신품 부품 제조업,"VS, TIB, CVJoint 등",2012-11-20,12월,"정세영, 변종문",http://www.gmb.co.kr,경상남도,2022-08-16,19071253.0,146089209558.0,4138969249.0,6591593457.0,3117267851.0,0.0,2.83,4.51,2.13,145565087201.0,6443924369.0,-1885285405.0,5846984732.0,0.0,4.43,-1.3,4.02,652.0,130322020983.0,1047783781.0,20698380.0,1538846467.0,0.0,0.8,0.02,1.18,130917446802.0,1952992931.0,1804564762.0,2150439504.0,0.0,1.49,1.38,1.64,320.0,531332180542.0,8377508126.0,4834024489.0,9753828529.0,511.0,13809.0,13040.0,2.18,1.87,4.72,3.92,2.0300000000000002,2.9399999999999995,12.098637249538026,
326,88790,KOSPI,진도,기타 전문 도매업,"모피제품 제조,가공",2006-03-28,12월,임병남,http://www.jindofand.co.kr,서울특별시,2022-08-16,12447056.0,17860841731.0,2852565998.0,15524483279.0,2107236069.0,0.0,15.97,86.92,11.8,27148227474.0,3951559894.0,4404184621.0,3539189279.0,0.0,14.56,16.22,13.04,676.0,14642736158.0,963364415.0,10706336765.0,1038630662.0,0.0,6.58,73.12,7.09,22454810616.0,522444592.0,5608187908.0,-594512502.0,0.0,2.33,24.98,-2.65,332.0,58961462990.0,3775884191.0,10690116847.0,3568236830.0,286.0,8495.0,8087.0,6.14,2.62,7.96,3.54,9.39,12.23,21.977487938562636,
327,10640,KOSPI,진양폴리,플라스틱제품 제조업,"폴리우레탄,폴리우레탄스폰지 제조,판매",1989-09-30,12월,"김상용,조영태(각자대표이사)",http://www.chinyangpoly.kr,경기도,2022-08-16,9999768.0,13948853236.0,1252430220.0,1544090668.0,902355132.0,0.0,8.98,11.07,6.47,15781461714.0,1811031743.0,86788625.0,1514881031.0,0.0,11.48,0.55,9.6,360.0,11028007924.0,376290731.0,186466827.0,222779952.0,0.0,3.41,1.69,2.02,9230781897.0,235128693.0,454631722.0,49841629.0,0.0,2.55,4.93,0.54,88.0,53069415717.0,4715418691.0,4160884188.0,3802118983.0,380.0,3039.0,2947.0,6.98,7.91,11.84,12.9,5.57,8.93,26.48570197019383,
328,100250,KOSPI,진양홀딩스,플라스틱제품 제조업,"투자,경영컨설팅",2008-02-15,12월,"양준영,임규호(각자대표)",http://cyholdings.kr,부산광역시,2022-08-16,55897041.0,57906055534.0,2039758104.0,21276571951.0,59537590968.0,0.0,3.52,36.74,102.82,57290478365.0,1059870855.0,-11315817788.0,819792676.0,0.0,1.85,-19.75,1.43,4260.0,55849615058.0,1553339984.0,9913082222.0,-2255536526.0,0.0,2.78,17.75,-4.04,53718849549.0,649984838.0,404528902.0,1037868309.0,0.0,1.21,0.75,1.93,-160.0,224791427777.0,6857969366.0,13592364323.0,10001244245.0,178.0,7897.0,6977.0,35.67,1.77,53.94,2.56,0.7400000000000002,0.6400000000000001,3.682103222850113,-81.00275030711252
329,2780,KOSPI,진흥기업,토목 건설업,"아파트건설,토목공사,건축공사,국내도급공사",1977-06-25,12월,박상신,http://www.chinhung.co.kr,인천광역시,2022-08-11,146630691.0,120424090790.0,12937951125.0,7677852985.0,10490169013.0,0.0,10.74,6.38,8.71,154159858447.0,8988255288.0,22617562094.0,13220734385.0,0.0,5.83,14.67,8.58,284.0,79607104967.0,8942001221.0,9381870187.0,9263491656.0,0.0,11.23,11.79,11.64,109451367257.0,4859125927.0,10474664826.0,12054368176.0,0.0,4.44,9.57,11.01,252.0,444244783883.0,43348738057.0,51376717919.0,53413211910.0,364.0,1318.0,1165.0,10.9,15.96,21.54,31.24,-0.4900000000000002,1.3899999999999997,51.27304383185408,-73.10162919309207
330,29460,KOSPI,케이씨,"측정, 시험, 항해, 제어 및 기타 정밀기기 제조업; 광학기기 제외",가스/Chemical 공급 장치 등 제조 및 판매,1997-11-25,12월,"고상걸, 이수희(각자대표이사)",http://www.kct.co.kr,경기도,2022-08-16,13552877.0,170921345696.0,23297681128.0,7050070349.0,19486210754.0,0.0,13.63,4.12,11.4,169331390409.0,31539011355.0,32264179606.0,21309565413.0,0.0,18.63,19.05,12.58,5748.0,127335402930.0,7807036425.0,-30504367535.0,8332448126.0,0.0,6.13,-23.96,6.54,190215123539.0,16964002755.0,30243542320.0,7921164189.0,0.0,8.92,15.9,4.16,2456.0,553763394521.0,65483256978.0,10861751502.0,52239924439.0,3854.0,59957.0,55139.0,7.43,5.42,9.59,6.99,7.500000000000001,9.709999999999999,34.22924164300204,
331,7810,KOSPI,코리아써키트,전자부품 제조업,"인쇄회로기판,Module 제조/부동산(건물) 임대",1985-09-09,12월,장세준,http://www.kcg.co.kr,경기도,2022-08-16,23622635.0,410835044067.0,31170965540.0,33014800113.0,20308527024.0,0.0,7.59,8.04,4.94,415449707112.0,41406820564.0,23285717210.0,23404594500.0,0.0,9.97,5.6,5.63,3436.0,296720191742.0,7719823989.0,7839732304.0,6814002581.0,0.0,2.6,2.64,2.3,235664536117.0,-6227561409.0,-17105998347.0,-7481420625.0,0.0,-2.64,-7.26,-3.17,1152.0,1424168502751.0,85112839470.0,66837179704.0,56198128578.0,2378.0,30418.0,27600.0,6.93,5.28,11.3,8.62,4.99,12.610000000000001,38.458741771178,
332,5420,KOSPI,코스모화학,기타 화학제품 제조업,"이산화티타늄 및 부산물, 황산코발트 및 부산물",1987-07-23,12월,안성덕,http://www.cosmochem.co.kr,서울특별시,2022-08-16,35009722.0,149949045896.0,12495238306.0,-16394128422.0,4958821823.0,0.0,8.33,-10.93,3.31,118538552885.0,5491759398.0,10588707370.0,579916912.0,0.0,4.63,8.93,0.49,564.0,127103425159.0,8453739011.0,13531781970.0,4416877306.0,0.0,6.65,10.65,3.48,113309824175.0,1190260261.0,489599543.0,-16071073901.0,0.0,1.05,0.43,-14.18,504.0,512614348130.0,30483818557.0,30392168684.0,10886891269.0,310.0,8919.0,8649.0,2.62,1.6,6.32,3.6,1.6799999999999997,3.58,17.974040202631265,
333,14580,KOSPI,태경비케이,"시멘트, 석회, 플라스터 및 그 제품 제조업","생석회,소석회,석회비료 제조,판매/비금속광물 광업/산업폐기물 재생처리/휴게소 운영",1991-03-07,12월,"김민정,정구일 (각자 대표이사)",http://www.bkmp.co.kr,서울특별시,2022-08-16,27584948.0,70298941934.0,7377180678.0,1307244455.0,5378874215.0,0.0,10.49,1.86,7.65,52964725102.0,3985070961.0,4500374869.0,847028075.0,0.0,7.52,8.5,1.6,776.0,43596662465.0,4748002637.0,6634230348.0,3200186171.0,0.0,10.89,15.22,7.34,41151176499.0,3238310047.0,5841532434.0,1527262513.0,0.0,7.87,14.2,3.71,464.0,195157043546.0,19603002069.0,35575130043.0,9330420355.0,338.0,9171.0,8513.0,5.81,2.81,8.46,3.97,-0.40000000000000036,-0.35000000000000053,61.2484487555371,
334,15890,KOSPI,태경산업,기초 화학물질 제조업,"제강용 정련제(프락스),카바이드,중질탈산칼슘 제조,판매/고속도로휴게소 운영",1996-01-30,12월,"김해련, 김민정, 김병식 (각자 대표이사)",http://www.taekyung.co.kr,서울특별시,2022-08-16,29232506.0,161376824747.0,12966177353.0,-6019503669.0,5550779191.0,0.0,8.03,-3.73,3.44,144422111013.0,13476625689.0,9448410680.0,6273110073.0,0.0,9.33,6.54,4.34,756.0,112102618035.0,6299547903.0,6291489584.0,2030365981.0,0.0,5.62,5.61,1.81,110391646642.0,5715158136.0,8960279370.0,2471856297.0,0.0,5.18,8.12,2.24,276.0,516770864906.0,40591835560.0,61684300404.0,18030899161.0,616.0,14003.0,13186.0,3.53,3.08,5.4,4.68,2.4099999999999993,4.15,43.95455483173096,
335,7980,KOSPI,태평양물산,봉제의복 제조업,"봉제의류(자켓,파카,코트),침구 제조,우모가공,생활용품 도소매,무역",1994-12-27,12월,임석원,http://www.panpacific.co.kr,서울특별시,2022-08-16,48163419.0,238644233297.0,5192780934.0,-10152644660.0,-4291228765.0,0.0,2.18,-4.25,-1.8,234386373329.0,864219138.0,25059892875.0,1910954199.0,0.0,0.37,10.69,0.82,-356.0,171592047851.0,-4448150868.0,-17104242143.0,-9426053925.0,0.0,-2.59,-9.97,-5.49,143442641792.0,-9631681154.0,57702383477.0,-672961223.0,0.0,-6.71,40.23,-0.47,-780.0,892927654015.0,1375375954.0,-43664200703.0,-13807493332.0,-286.0,3658.0,3422.0,-2.14,-1.81,-9.73,-8.38,4.77,7.08,39.076510995558486,
336,55490,KOSPI,테이팩스,플라스틱제품 제조업,"OCA, 2차전지용 테이프, 산업용 랩 등",2017-10-31,12월,김상구,http://tapex.co.kr,경기도,2022-08-16,4718118.0,46445598719.0,7149281732.0,-44559469.0,5707753789.0,0.0,15.39,-0.1,12.29,44474265187.0,4905296017.0,8633115259.0,4063875548.0,0.0,11.03,19.41,9.14,4836.0,33336970689.0,4639039291.0,46246030.0,4457507665.0,0.0,13.92,0.14,13.37,32019725373.0,2902672248.0,3489857261.0,2444274454.0,0.0,9.07,10.9,7.63,3776.0,154922980346.0,21254329685.0,12066354595.0,18911148514.0,4008.0,29266.0,27830.0,11.79,10.46,16.52,14.4,1.4700000000000006,1.959999999999999,39.32159329139458,
337,4720,KOSPI,팜젠사이언스,의약품 제조업,의약품 외,1990-06-15,12월,김혜연 박희덕(각자),http://www.pharmgenscience.com,경기도,2022-08-16,15491464.0,40967884658.0,3221113059.0,-1641178609.0,57942838368.0,0.0,7.86,-4.01,141.43,32527247093.0,748109103.0,3194826922.0,13276823443.0,0.0,2.3,9.82,40.82,14960.0,24012535191.0,-1391859758.0,1238508954.0,22358332280.0,0.0,-5.8,5.16,93.11,26141318750.0,-1788804688.0,-265577711.0,6294595073.0,0.0,-6.84,-1.02,24.08,5772.0,109866066814.0,-5037919443.0,7784092733.0,32465959378.0,2095.0,13348.0,8193.0,69.19,14.74,112.08,25.58,13.66,9.14,70.61040965534924,
338,28670,KOSPI,팬오션,해상 운송업,"해상화물운송(외항,운수보관)",2007-09-21,12월,"김홍국, 안중호(각자 대표이사)",http://www.panocean.com,서울특별시,2022-08-11,534638546.0,1440894000000.0,169106000000.0,273440000000.0,162871000000.0,0.0,11.74,18.98,11.3,1478035000000.0,220698000000.0,397260000000.0,224559000000.0,0.0,14.93,26.88,15.19,1216.0,679924000000.0,48898000000.0,6759000000.0,54620000000.0,0.0,7.19,0.99,8.03,620513000000.0,60183000000.0,115732000000.0,-13661000000.0,0.0,9.7,18.65,-2.2,408.0,4616107000000.0,572946000000.0,767687000000.0,549305000000.0,1027.0,7516.0,6727.0,8.76,8.47,16.18,15.27,4.55,5.23,111.9198616315941,
339,58430,KOSPI,포스코강판,1차 철강 제조업,"용융아연도금강판,용융알루미늄도금강판,칼라도장강판,냉연강판 가공,제조,도매",2002-08-16,12월,윤양수,http://www.poscocnc.com,경상북도,2022-08-12,5999475.0,337120080709.0,27241968471.0,34283723259.0,20095027245.0,0.0,8.08,10.17,5.96,363450253626.0,29647474635.0,-15762326735.0,14179902662.0,0.0,8.16,-4.34,3.9,13396.0,253050797043.0,14365914434.0,19749021703.0,10465208636.0,0.0,5.68,7.8,4.14,242753993683.0,4679270693.0,27619207407.0,633716427.0,0.0,1.93,11.38,0.26,6976.0,1347273538725.0,143278889763.0,40796417532.0,102417243211.0,17071.0,57598.0,53741.0,13.85,17.46,23.26,31.76,2.4000000000000004,6.23,33.22229554239041,
340,47050,KOSPI,포스코인터내셔널,상품 중개업,"무역(철강,화학,자동차부품),수출주선,대행,알선,가공원단,폴리우레탄,자동차시트 제조",2001-03-23,12월,대표이사 사장 주시보,http://www.poscointl.com,서울특별시,2022-08-16,123387798.0,9912253023000.0,216047156000.0,-707250228000.0,160509516000.0,0.0,2.18,-7.14,1.62,9185897587000.0,139971950000.0,757914237000.0,73353436000.0,0.0,1.52,8.25,0.8,5200.0,7087036467000.0,126902597000.0,-700072920000.0,92744881000.0,0.0,1.79,-9.88,1.31,5641314947000.0,87253926000.0,337931501000.0,17822184000.0,0.0,1.55,5.99,0.32,3004.0,33948864785000.0,585385807000.0,-509688025000.0,360789119000.0,2924.0,32829.0,28464.0,5.09,3.35,15.84,10.27,0.3900000000000001,-0.030000000000000027,39.864569191301726,
341,293480,KOSPI,하나제약,의약품 제조업,완제의약품,2018-10-02,12월,이윤하,http://www.hanaph.co.kr,경기도,2022-08-16,17772960.0,50725488961.0,8050594725.0,10056897451.0,6096552350.0,0.0,15.87,19.83,12.02,53626780056.0,11470542954.0,10238202920.0,7097235478.0,0.0,21.39,19.09,13.23,1372.0,44500647756.0,5684038693.0,6998420404.0,4460677309.0,0.0,12.77,15.73,10.02,48644628614.0,8810283248.0,-2222091723.0,-4179593857.0,0.0,18.11,-4.57,-8.59,1000.0,196406570950.0,36010059531.0,25655058070.0,28013835906.0,1576.0,14408.0,14173.0,6.89,9.23,9.52,11.12,3.0999999999999996,3.280000000000001,13.988203585555018,
342,352820,KOSPI,하이브,오디오물 출판 및 원판 녹음업,"음악 기획/제작, 퍼블리싱, 아티스트 매니지먼트",2020-10-15,12월,박지원,http://www.bighitcorp.com,서울특별시,2022-08-12,41353151.0,284973925000.0,37066809000.0,48411343000.0,30658508000.0,0.0,13.01,16.99,10.76,457945684000.0,73829964000.0,73182995000.0,53622412000.0,0.0,16.12,15.98,11.71,2964.0,178333528000.0,22770442000.0,13998976000.0,17243678000.0,0.0,12.77,7.85,9.67,310661467000.0,53983874000.0,56932903000.0,26103891000.0,0.0,17.38,18.33,8.4,1664.0,1255926483000.0,190247657000.0,177258248000.0,140834607000.0,3405.0,95713.0,69803.0,1.97,2.98,3.1,4.88,0.2400000000000002,-1.259999999999998,59.798288182803184,124.65607550909279
343,6200,KOSPI,한국전자홀딩스,기타 금융업,"시장조사,경영컨설팅",1979-11-30,12월,박 명 덕,http://www.kecholdings.co.kr,서울특별시,2022-08-16,46808182.0,87854255824.0,10221106714.0,1522814620.0,11161032549.0,11161032549.0,11.63,1.73,12.7,93409629474.0,8722208351.0,12881513429.0,-9199257135.0,-9199257135.0,9.34,13.79,-9.85,952.0,72455609016.0,2998900501.0,787526982.0,13546919428.0,13546919428.0,4.14,1.09,18.7,62314829168.0,216169857.0,6354278874.0,-34998309371.0,29045946397.0,0.35,10.2,-56.16,1156.0,331176392129.0,38507381292.0,34548439820.0,29177553677.0,623.0,8229.0,6620.0,9.29,6.29,11.57,9.42,7.490000000000001,8.99,21.252525535462127,
344,104700,KOSPI,한국철강,1차 철강 제조업,철근. 단조강. 파이프,2008-09-29,12월,"문종인, 이수하 (각자대표)",http://www.kisco.co.kr,경상남도,2022-08-16,42446896.0,240898478939.0,22815181480.0,-12922767962.0,22823707445.0,0.0,9.47,-5.36,9.47,267099565982.0,27744024744.0,6575566444.0,28328211778.0,0.0,10.39,2.46,10.61,2148.0,135607667549.0,5451459689.0,-19698177481.0,8885455022.0,0.0,4.02,-14.53,6.55,161065449044.0,2947397908.0,25967862636.0,-44879034368.0,0.0,1.83,16.12,-27.86,836.0,886650133446.0,103286644200.0,52059221625.0,97251554504.0,2291.0,17781.0,17013.0,9.44,10.7,12.08,13.47,5.450000000000001,8.56,77.64370060561258,
345,7280,KOSPI,한국특강,1차 철강 제조업,"철강압연제품(앵글,이형형강,평철,환봉) 제조,판매",1989-11-13,12월,"한길구, 박성우",http://www.ekosco.com,경상남도,2022-08-16,60338322.0,208337413603.0,7141829509.0,-20084761033.0,4657057320.0,0.0,3.43,-9.64,2.24,161527996606.0,7546290458.0,8952937702.0,8932607164.0,0.0,4.67,5.54,5.53,308.0,134179624992.0,1479129162.0,-7231884131.0,-626519720.0,0.0,1.1,-5.39,-0.47,141630022157.0,722897884.0,17827652393.0,942312207.0,0.0,0.51,12.59,0.67,-40.0,691525199712.0,40011466223.0,3898185550.0,36783792499.0,609.0,2601.0,2353.0,3.36,8.02,11.84,25.91,2.33,4.16,55.267547971923015,
346,20000,KOSPI,한섬,봉제의복 제조업,"여성의류,금속 액세서리,신발,가방,선글라스 제조,판매",1996-07-03,12월,김민덕,http://www.handsome.co.kr,서울특별시,2022-08-16,24632687.0,391472608138.0,59122601871.0,15323478447.0,43164526340.0,42757817296.0,15.1,3.91,11.03,445017037253.0,51701426697.0,117469335876.0,38540519801.0,37682273950.0,11.62,26.4,8.66,7008.0,333333804831.0,45220702993.0,26392645242.0,32630899927.0,32526216585.0,13.57,7.92,9.79,386584471970.0,36096339889.0,125059374749.0,31153018288.0,57737752698.0,9.34,32.35,8.06,5296.0,1387401660671.0,152192853992.0,172103397188.0,114558159104.0,4650.0,53530.0,50356.0,10.31,7.36,13.09,9.24,1.5299999999999994,2.2799999999999994,17.441616321055804,
347,105630,KOSPI,한세실업,봉제의복 제조업,의류 완제품,2009-03-20,12월,"김익환, 조희선",http://www.hansae.com,서울특별시,2022-08-12,39996646.0,581228900245.0,48983021934.0,54911250052.0,31359508072.0,0.0,8.43,9.45,5.4,468840154859.0,28483253576.0,-87906075172.0,18163453928.0,18163453928.0,6.08,-18.75,3.87,3136.0,375624791561.0,29482956302.0,687670187.0,21576714225.0,0.0,7.85,0.18,5.74,368656257938.0,142880671.0,49265424969.0,28285594.0,26935061471.0,0.04,13.36,0.01,2156.0,1671997051772.0,106694162989.0,-153900419987.0,67340655868.0,1683.0,12371.0,11611.0,9.44,5.54,25.35,14.5,0.5800000000000001,6.04,54.73656513180673,
348,16450,KOSPI,한세예스24홀딩스,봉제의복 제조업,"의류(니트) 제조,도소매,원단 제조,부동산 임대",2000-01-06,12월,"김동녕, 김석환(각자 대표이사)",http://www.hansaeyes24.com,서울특별시,2022-08-16,39999790.0,872707682084.0,56529744122.0,58333630680.0,26458240601.0,35410052166.0,6.48,6.68,3.03,786733853616.0,39083315068.0,-42925518145.0,3016451164.0,762368976.0,4.97,-5.46,0.38,2644.0,680619354072.0,44136313369.0,29204678266.0,18767829811.0,33995556381.0,6.48,4.29,2.76,682681354095.0,8677420028.0,89177789810.0,33187199498.0,39226282131.0,1.27,13.06,4.86,1876.0,2798895736344.0,134681974504.0,-67749929664.0,40290353809.0,1007.0,22260.0,23733.0,4.69,1.8,11.88,4.24,0.0,3.6999999999999997,28.2225779891178,
349,213500,KOSPI,한솔제지,"펄프, 종이 및 판지 제조업","인쇄용지, 산업용지, 특수지 제조 및 판매",2015-01-26,12월,한철규,http://www.hansolpaper.co.kr,서울특별시,2022-08-12,23805520.0,547618698231.0,24607521132.0,-43912489781.0,13337792288.0,0.0,4.49,-8.02,2.44,524960661150.0,12780741809.0,81676068863.0,-4939630947.0,-4940291282.0,2.43,15.56,-0.94,2240.0,424512558533.0,15883543545.0,7070598122.0,8229982909.0,0.0,3.74,1.67,1.94,384105154899.0,1301098773.0,104277552788.0,-3616453917.0,-39989846271.0,0.34,27.15,-0.94,1380.0,1834223977012.0,60727652921.0,105799793762.0,13674902686.0,574.0,30466.0,28536.0,2.6,0.72,7.35,2.01,0.75,2.0900000000000003,28.999410552993144,
350,195870,KOSPI,해성디에스,전자부품 제조업,반도체 패키지용 Substrate,2016-06-24,12월,조병학,http://www.haesungds.com,경상남도,2022-08-16,16995841.0,199624482801.0,48338090920.0,28726900067.0,39765400258.0,0.0,24.21,14.39,19.92,187522174958.0,29914918871.0,36428279798.0,24323110851.0,0.0,15.95,19.43,12.97,9356.0,137478338064.0,10164555728.0,-8469241967.0,9312023720.0,0.0,7.39,-6.16,6.77,113450090185.0,6073610468.0,-10877261527.0,2240029192.0,0.0,5.35,-9.59,1.97,2188.0,655373012865.0,86329952850.0,57112624480.0,71261704522.0,4192.0,20315.0,17316.0,30.04,15.0,46.05,24.21,16.82,10.6,45.204317721726625,
351,69960,KOSPI,현대백화점,종합 소매업,백화점,2002-11-25,12월,"정지선, 장호진, 김형종 (각자대표)",http://home.e-hyundai.com,서울특별시,2022-08-16,23401299.0,934385942000.0,88871928000.0,96414413000.0,62475580000.0,0.0,9.51,10.32,6.69,1100637228000.0,94174330000.0,63561839000.0,51912664000.0,0.0,8.56,5.78,4.72,10676.0,683225361000.0,64995532000.0,186424530000.0,43368549000.0,0.0,9.51,27.29,6.35,644631717000.0,68129150000.0,81316143000.0,17242681000.0,0.0,10.57,12.61,2.67,7412.0,3572433182000.0,264365188000.0,500164435000.0,189377183000.0,8092.0,228759.0,223305.0,2.81,2.11,4.67,3.62,0.0,-2.01,36.76101552090951,
352,4560,KOSPI,현대비앤지스틸,1차 철강 제조업,"스텐레스냉연강판,특수강 제조",1987-03-24,12월,- 정일선,http://www.hyundai-bngsteel.com,경상남도,2022-08-12,15078119.0,344040014758.0,32101140669.0,-83846199513.0,21816882944.0,0.0,9.33,-24.37,6.34,223439853101.0,21580575205.0,-35297675774.0,14878302963.0,0.0,9.66,-15.8,6.66,5784.0,195157184070.0,22350064012.0,-2712432582.0,17324655760.0,0.0,11.45,-1.39,8.88,176266321793.0,12909004549.0,-27652447199.0,9236593724.0,0.0,7.32,-15.69,5.24,4592.0,855704014920.0,89655269568.0,18435993133.0,69792443898.0,4628.0,35440.0,33010.0,9.46,9.08,16.32,14.02,-2.119999999999999,2.34,76.2886754066906,
353,322000,KOSPI,현대에너지솔루션,반도체 제조업,"태양광 셀·모듈, PV시스템, ESS",2019-11-19,12월,박종환,http://www.hyundai-es.co.kr/,경기도,2022-08-16,11200298.0,176087540879.0,7735516263.0,-31957698626.0,5589156937.0,0.0,4.39,-18.15,3.17,207076093784.0,5607965192.0,73985439151.0,-1135927335.0,0.0,2.71,35.73,-0.55,1996.0,90094067963.0,1569327185.0,-15462339195.0,-280418244.0,0.0,1.74,-17.16,-0.31,98300175952.0,-984229872.0,14338769750.0,8134974893.0,0.0,-1.0,14.59,8.28,-100.0,593163581874.0,9494797191.0,36486270987.0,-6655574104.0,-594.0,29018.0,28599.0,3.92,-1.1,6.88,-2.08,2.6499999999999995,3.71,95.4485404647462,
354,4020,KOSPI,현대제철,1차 철강 제조업,"H형강,제철,제강,철근,압연,스테인레스,주강,시트파일 제조,수출입,중기부품(탱크바퀴)제조,판매",1987-05-23,12월,안동일,http://www.hyundai-steel.com,인천광역시,2022-08-16,133433294.0,6979687424806.0,697370371747.0,380800560963.0,476099448332.0,0.0,9.99,5.46,6.82,6440492610460.0,772083032558.0,681257159791.0,331485364553.0,0.0,11.99,10.58,5.15,14272.0,4927378195560.0,303901447548.0,431331993685.0,209870411025.0,0.0,6.17,8.75,4.26,4780569306051.0,55391857306.0,1035536073461.0,-258240854595.0,0.0,1.16,21.66,-5.4,6288.0,22849920977857.0,2447503013134.0,2002894272429.0,1461422624509.0,10952.0,141458.0,136850.0,4.95,3.95,10.09,8.0,3.8200000000000003,10.83,41.65114078507939,
355,267250,KOSPI,현대중공업지주,석유 정제품 제조업,지주회사,2017-05-10,12월,"권오갑, 정기선 (각자 대표이사)",http://www.hyundai-holdings.co.kr,서울특별시,2022-08-16,78989493.0,11296643300000.0,805027774000.0,-1055178035000.0,337291925000.0,0.0,7.13,-9.34,2.99,8475409444000.0,64741652000.0,-2776158000.0,-161059804000.0,0.0,0.76,-0.03,-1.9,17080.0,6075482391000.0,534297902000.0,-286438229000.0,151522796000.0,0.0,8.79,-4.71,2.49,4610957837000.0,-315269611000.0,374333770000.0,-369575202000.0,0.0,-6.84,8.12,-8.02,7672.0,28158746399000.0,1085411576000.0,205801317000.0,-132297229000.0,-1674.0,258963.0,150494.0,2.14,-0.37,6.6,-1.11,-1.6599999999999993,7.6,85.93821153583522,
356,11760,KOSPI,현대코퍼레이션,상품 종합 도매업,"자동차,철강,기계,선박,플랜트,컴퓨터,전자제품 수출,수출입대행/자원(탄광,유전) 개발",1977-12-01,12월,"정몽혁, 김원갑, 장안석(각자대표이사)",http://www.hyundaicorp.co.kr,서울특별시,2022-08-12,13227482.0,1278189697962.0,14541452250.0,45441488696.0,24339580804.0,0.0,1.14,3.56,1.9,1176406138518.0,10560351799.0,-158477171483.0,10480401450.0,0.0,0.9,-13.47,0.89,7360.0,752299953135.0,7000074047.0,-63725445641.0,11731041079.0,0.0,0.93,-8.47,1.56,651073497035.0,6311480766.0,86431760363.0,22314844545.0,0.0,0.97,13.28,3.43,3544.0,3782497523034.0,35069901698.0,-344791605437.0,37789612149.0,2856.0,30174.0,27430.0,5.07,2.21,24.39,10.42,0.20999999999999985,-0.06999999999999995,69.90426393561522,
357,111110,KOSPI,호전실업,봉제의복 제조업,스포츠웨어 및 아웃도어 웨어 OEM,2017-02-02,12월,박용철 박진호,http://www.hojeon.com,서울특별시,2022-08-16,10390778.0,86819852941.0,2813931108.0,-33442401944.0,1227139803.0,0.0,3.24,-38.52,1.41,106487373979.0,6243918393.0,35636643043.0,476170652.0,0.0,5.86,33.47,0.45,472.0,55612176014.0,-2391649079.0,-22662475856.0,-1703314156.0,0.0,-4.3,-40.75,-3.06,76870850539.0,-3195794170.0,42593809177.0,-11653430564.0,0.0,-4.16,55.41,-15.16,-652.0,344867583539.0,20619478511.0,13769158625.0,11774138735.0,1133.0,11231.0,11556.0,1.62,3.89,4.2,9.81,7.54,10.02,56.116626184783115,
358,2460,KOSPI,화성산업,건물 건설업,아파트 건설,1988-09-29,12월,"이홍중,이종원",http://www.hwasung.com,대구광역시,2022-08-16,12450191.0,124370441227.0,6674118532.0,-43729429371.0,9692255236.0,0.0,5.37,-35.16,7.79,151301064702.0,18055901148.0,60251128949.0,12880276691.0,0.0,11.93,39.82,8.51,3112.0,67358741991.0,2565277143.0,-16273491181.0,4928523687.0,0.0,3.81,-24.16,7.32,68230471230.0,2925104665.0,18612651125.0,168999265.0,0.0,4.29,27.28,0.25,1580.0,422231395444.0,28631156224.0,-14507871895.0,29873981377.0,2399.0,33476.0,33491.0,4.62,3.7,9.3,7.16,1.56,7.64,84.63890142665892,
359,133820,KOSPI,화인베스틸,1차 철강 제조업,"조선용 형강(부등변 부등후 앵글, 부등호 앵글, 등변앵글 평철 등)",2014-07-22,12월,장재훈,http://www.finebesteel.com,경상남도,2022-08-16,29551002.0,34513154304.0,2799055552.0,-6950999105.0,1912288752.0,0.0,8.11,-20.14,5.54,45212831173.0,10062468230.0,3778792547.0,8798089960.0,0.0,22.26,8.36,19.46,256.0,23106683615.0,-3962490098.0,3695211002.0,-4796678050.0,0.0,-17.15,15.99,-20.76,22720443154.0,-8138966097.0,4054494025.0,-9339779149.0,0.0,-35.82,17.85,-41.11,-648.0,124076835252.0,5534587867.0,11174821919.0,2374205660.0,80.0,3042.0,2690.0,4.02,1.3,8.41,2.99,25.259999999999998,58.08,49.3643781991949,
360,32560,KOSPI,황금에스티,1차 비철금속 제조업,"스테인레스 냉연, 열연",2009-10-29,12월,김종현,http://www.hwangkum.com,경기도,2022-08-16,17001733.0,83170129642.0,15553378801.0,201225957.0,10575772219.0,0.0,18.7,0.24,12.72,83563718444.0,12346920837.0,21014184736.0,10099492078.0,0.0,14.78,25.15,12.09,2488.0,54947738278.0,8051136390.0,9716641538.0,5162109127.0,0.0,14.65,17.68,9.39,62820321766.0,7981552147.0,-6729814188.0,6147809906.0,0.0,12.71,-10.71,9.79,1212.0,270982293281.0,41155778151.0,70118476721.0,29834488216.0,1754.0,20313.0,19557.0,9.47,6.91,12.25,8.97,4.049999999999999,2.0699999999999985,51.36224392205728,
361,298050,KOSPI,효성첨단소재,화학섬유 제조업,PET타이어코드,2018-07-13,12월,이건종,http://www.hyosungadvancedmaterials.com,서울특별시,2022-08-11,4479576.0,1003317496715.0,101649691757.0,102132896644.0,56073797047.0,0.0,10.13,10.18,5.59,988826294227.0,96258168647.0,77184922474.0,57801344242.0,0.0,9.73,7.81,5.85,50068.0,769465160344.0,83393035365.0,47517859013.0,42250745484.0,0.0,10.84,6.18,5.49,692395406607.0,36664129404.0,62659071213.0,21828745645.0,0.0,5.3,9.05,3.15,37724.0,3597777100369.0,437309926236.0,234660490131.0,250696944978.0,55964.0,169576.0,161084.0,7.3,8.62,29.53,34.74,-0.7099999999999991,4.430000000000001,30.391543168303176,
362,93370,KOSPI,후성,기초 화학물질 제조업,"불소화물 제조,도매",2006-12-22,12월,허국,http://www.foosungchem.com,경기도,2022-08-16,92596994.0,158587621484.0,52371494258.0,26458448147.0,34796320890.0,0.0,33.02,16.68,21.94,135051110846.0,29017086400.0,38800639679.0,-290059691.0,0.0,21.49,28.73,-0.21,1500.0,63219182855.0,-469015052.0,6383085423.0,-3925046727.0,0.0,-0.74,10.1,-6.21,68264545983.0,-762541100.0,13690466402.0,8629240807.0,0.0,-1.12,20.06,12.64,-168.0,381256774874.0,58138943581.0,83446715705.0,22564471869.0,243.0,3738.0,3061.0,19.88,3.66,40.13,7.96,33.760000000000005,22.61,150.85364018028798,
363,5010,KOSPI,휴스틸,1차 철강 제조업,"강관(배관용,구조용,유정용) 제조,도매",1973-06-29,12월,박훈,http://www.husteel.com,서울특별시,2022-08-12,39188500.0,197344884585.0,26634307763.0,7041068862.0,17260072686.0,0.0,13.5,3.57,8.75,194017482891.0,33139947771.0,-9319967944.0,10178297071.0,0.0,17.08,-4.8,5.25,1760.0,107244826402.0,628622485.0,10082264811.0,2308783128.0,0.0,0.59,9.4,2.15,92592071997.0,21219197616.0,-8924942553.0,12334514036.0,0.0,22.92,-9.64,13.32,232.0,616505522303.0,63214154152.0,2864026520.0,37987133196.0,969.0,20730.0,15984.0,5.69,3.99,8.49,6.06,12.91,-5.840000000000003,84.0134309558822,
